District,Enrollment,PPE,AVPP,LogPPE,LogAVPP,LogEnrollment
Erie-St. Paul,1185,6427.61,23425,8.768358053,10.061559107,7.0774980536
Cimarron-Ensign,660,6058.49,43207,8.7092158731,10.673757798,6.492239835
Cheylin,177,8797.9,104212,9.0822683356,11.554182565,5.1761497326
White Rock,164,8726.05,80569,9.0740680837,11.296869239,5.0998664278
Greeley County,320,7258.61,91123,8.8899436294,11.419965521,5.7683209958
Turner,3704,5377.52,28835,8.5899825803,10.269345206,8.2171685958
Piper,1308,5896.28,27026,8.6820769226,10.204554645,7.176254532
Bonner Springs,2277,5398.44,31564,8.5938653019,10.35977251,7.7306140661
Leon,776,6648.62,29795,8.8021645933,10.302095873,6.6541525202
Remington-Whitewater,561,7012.37,46530,8.8554310113,10.747852545,6.3297209055
Ft. Leavenworth,1896,4520.92,680,8.4164707919,6.5220927982,7.5475016828
WaKeeney,511,6470.56,51945,8.7750179371,10.857940746,6.2363695902
Moscow,260,9620.07,288072,9.1716068201,12.570965728,5.560681631
Hugoton,1043,6400.63,216384,8.764151702,12.284809886,6.949856455
Norton,744,6484.85,27439,8.7772239662,10.219720638,6.6120410348
Northern Valley,188,8520.94,46426,9.0502819424,10.745614926,5.2364419628
West Solomon,74,10093.17,109349,9.2196142365,11.602299881,4.3040650932
Ulysses,1778,5454.42,133677,8.6041815681,11.803181721,7.4832444161
Lakin,773,6751.55,164709,8.8175273871,12.011935559,6.6502790486
Deerfield,375,7402.77,138225,8.9096095335,11.836638071,5.926926026
Rolla,237,9038.99,263383,9.1093027215,12.481364526,5.4680601411
Elkhart,527,7731.29,101412,8.9530310099,11.526946706,6.2672005485
Minneola,265,7241.05,59099,8.8875215025,10.986969283,5.579729826
Ashland,268,7925.06,78281,8.9777851697,11.268060196,5.5909869805
North Central,143,9806.37,69054,9.1907874535,11.142644086,4.9628446303
Washington,370,6922.12,31179,8.8424773601,10.34750007,5.9135030056
Barnes,502,7959.18,51421,8.9820812585,10.847801928,6.2186001197
Clifton-Clyde,355,6964.96,50342,8.8486471432,10.826594998,5.8721177895
Fowler,172,9761.66,76158,9.1862177469,11.240565409,5.1474944768
Meade,516,6811.07,86980,8.8263045087,11.373433486,6.2461067655
Jetmore,353,6699.96,40512,8.8098568352,10.609353506,5.8664680569
Hanston,135,10140.91,58480,9.2243330167,10.976440094,4.9052747784
Blue Valley,17111,5744.26,90665,8.6559563743,11.414926674,9.7474768105
Spring Hill,1488,5958.46,38868,8.6925673374,10.567926569,7.3051882154
Gardner-Edgerton,2879,5809.81,47447,8.6673031471,10.767368578,7.9651982906
DeSoto,3249,6049.49,53119,8.70772925,10.880289959,8.0861025357
Olathe,20703,5724.35,57254,8.6524842849,10.955252788,9.9380338963
Ft. Scott,2132,4703.09,26658,8.4559750185,10.190844572,7.6648157853
Uniontown,525,6415.96,22889,8.7665439151,10.038411725,6.2633982626
Smith Center,570,6556.91,43138,8.7882747344,10.672159558,6.3456363608
West Smith Co.,208,7488.66,38927,8.9211451553,10.569443376,5.3375380797
North Ottawa Co.,664,6641.4,38289,8.8010780636,10.552917928,6.4982821495
Twin Valley,676,6790.89,27710,8.8233372871,10.229548638,6.516193076
Wallace,278,6814.71,60335,8.82683879,11.007667646,5.6276211137
Weskan,132,9013.44,73586,9.1064720757,11.206210069,4.8828019226
Lebo-Waverly,602,6696.94,34333,8.8094059846,10.44386227,6.4002574453
Burlington,966,6333.04,494842,8.7535356526,13.111993799,6.8731638342
LeRoy-Gridley,344,6419.23,49144,8.7670534518,10.802510043,5.8406416574
Northeast,544,6742.63,23301,8.8162053355,10.056251557,6.2989492469
Cherokee,864,6082.39,26457,8.7131529898,10.183276053,6.7615727688
Girard,1168,5743,25399,8.6557370009,10.142465082,7.0630481634
Frontenac,749,5528.02,22222,8.6175849834,10.008838068,6.6187389835
Pittsburg,2631,5016.7,42388,8.520527626,10.654620582,7.875119281
North Lyon Co.,733,6274.54,34828,8.7442554545,10.45817694,6.5971457019
Southern Lyon Co.,655,6296.64,38237,8.7477714368,10.551558912,6.4846352356
Emporia,4964,5106.7,27688,8.538308682,10.228754385,8.5099671463
Barber Co.,710,6087.46,45217,8.7139861965,10.719228401,6.56526497
South Barber Co.,343,6864.86,50870,8.8341709247,10.837028638,5.8377304472
Marmaton Valley,424,6371.17,30175,8.7595384052,10.314769046,6.0497334552
Iola,1656,5470.41,22621,8.6071088469,10.026633957,7.4121603349
Humboldt,551,6520.24,34823,8.7826664641,10.458033367,6.3117348092
Wichita,48228,5175.25,41810,8.5516429261,10.640890824,10.783695044
Derby,6800,4824.19,33292,8.481398124,10.413072407,8.8246778912
Haysville,4697,5471.43,20180,8.6072952872,9.9124472939,8.454679286
Valley Center,2376,5186.79,26393,8.5538702877,10.180854102,7.7731736805
Mulvane,1996,4865.34,20617,8.4898918791,9.9338712572,7.5989004569
Clearwater,1214,5677.9,41476,8.644336725,10.632870226,7.1016759716
Goddard,3679,5544.01,29463,8.6204733446,10.290890518,8.2103962551
Maize,5308,5497.63,30041,8.6120723693,10.310318394,8.5769703955
Renwick,1963,5637.89,33168,8.637265161,10.409340835,7.5822291943
Cheney,789,6500.93,23758,8.7797005226,10.075674595,6.6707663208
Palco,165,9551.07,60924,9.1644084691,11.017382465,5.1059454739
Plainville,425,7278.15,48127,8.892631988,10.781598629,6.0520891689
Stockton,433,6291.97,36471,8.7470294962,10.504272703,6.070737728
Waconda,535,6663.15,34387,8.8043476247,10.445433865,6.2822667469
Beloit,788,6587.49,45752,8.7929276748,10.730990786,6.6694980899
Oakley,480,6801.54,55881,8.8249043361,10.930979709,6.1737861039
Triplains,95,11234.56,124776,9.3267500205,11.734275409,4.5538768916
Mankato,277,7296.54,31589,8.8951555422,10.360564238,5.6240175062
Jewell,185,8995.13,51409,9.1044385988,10.847568533,5.2203558251
Morland,66,10680.96,90924,9.2762179961,11.417779272,4.189654742
Hill City,412,6577.15,40377,8.7913567998,10.606015595,6.0210233493
West Elk,516,6721.83,38766,8.8131157179,10.565298853,6.2461067655
Elk Valley,239,7431.39,25494,8.9134681996,10.146198409,5.4764635519
Chase County,481,6773.22,66386,8.8207318806,11.10324147,6.1758672701
Cedar Vale,218,7419.9,38420,8.911920859,10.556333436,5.3844950628
Chautauqua,496,6339.54,27004,8.7545614896,10.203740282,6.2065759267
West Franklin,985,6372.72,28640,8.759781659,10.262559621,6.8926416412
Central Heights,657,6102.24,25610,8.7164111959,10.150738179,6.4876840185
Wellsville,787,6622.65,35887,8.7982508709,10.488130392,6.6682282484
Ottawa,2474,4891.19,31404,8.4951909066,10.354690552,7.813591553
Grinnell,139,8449.1,61684,9.0418152058,11.029779857,4.9344739331
Grainfield,182,8524.46,62396,9.050694957,11.04125645,5.2040066871
Quinter,385,7726.56,34357,8.9524190231,10.444561061,5.9532433343
Oberlin,513,6737.32,52232,8.8154174987,10.863450613,6.2402758452
Prairie Heights,88,10538.19,62976,9.2627610806,11.05050898,4.4773368145
St. Francis,435,6513.5,54756,8.7816322251,10.910642231,6.0753460311
Lincoln,415,6823.86,43837,8.8281805731,10.688233489,6.0282785202
Sylvan Grove,181,7552.21,51315,8.9295955146,10.845738386,5.1984970313
Commanche County,326,8096.03,95946,8.9991290971,11.471540812,5.7868973814
Nes Tres La Go,55,10412.84,145033,9.250794939,11.884716582,4.0073331852
Smoky Hill,141,8941.67,63335,9.0984776516,11.056193378,4.9487598904
Ness City,328,6748.86,61605,8.8171288807,11.028498315,5.7930136084
Bazine,98,9759.69,82190,9.1860159166,11.316788919,4.5849674787
Salina,7727,5080.84,42329,8.5332318812,10.653227709,8.9524759679
Southeast of Saline,674,6270.18,69038,8.7435603413,11.142412357,6.5132301109
Ell-Saline,453,6751.34,31100,8.8174962827,10.344963098,6.1158921255
Hutchinson,4975,5135.32,36578,8.5438974379,10.507202246,8.5121806496
Nickerson,1288,5514.18,42939,8.6150782352,10.667535783,7.1608459067
Fairfield,426,7497.63,63723,8.9223422496,11.062300844,6.0544393463
Pretty Prairie,324,7378.88,40304,8.9063771446,10.604205999,5.7807435158
Haven,1123,6388.77,40867,8.7622970406,10.61807817,7.0237589547
Buhler,2292,5189.79,41285,8.5544485129,10.628254517,7.7371800778
Brewster,168,8622.23,66392,9.0620990309,11.103331846,5.1239639794
Colby,1103,5798.71,45611,8.665390758,10.727904194,7.0057890193
Golden Plains,174,8153.19,48642,9.0061645407,10.792242634,5.1590552992
Herndon,90,8911.57,56656,9.0951057115,10.944753174,4.4998096703
Atwood,394,6977.58,43562,8.8504574308,10.68194049,5.9763509093
Wamego,1447,5348.4,30414,8.5845527297,10.322658308,7.2772477266
Kaw Valley,1114,6642.08,229086,8.8011804464,12.341852758,7.0157124205
Onaga,399,6870.18,38515,8.8349455857,10.558803055,5.9889614169
Westmoreland,809,6106.42,23503,8.7170959557,10.064883352,6.6957989171
Eastern Heights,183,8223.99,37566,9.0148107717,10.533854665,5.2094861528
Phillipsburg,675,6657.61,35745,8.8035158403,10.484165678,6.5147126909
Logan,221,7874.82,47389,8.9714256063,10.766145413,5.3981627015
Ellsworth,725,6730.06,32865,8.8143393379,10.400163541,6.5861716549
Lorraine,531,7049.67,85128,8.8607360862,11.351911285,6.2747620212
Alma,533,6943.63,47856,8.8455799715,10.775951781,6.2785214242
Wabaunsee East,596,6542.61,39040,8.7860914474,10.572342041,6.3902406671
Kingman,1273,5594.68,41364,8.6295714252,10.630166216,7.1491315986
Cunningham,316,7244.81,94785,8.8880406294,11.459366448,5.7557422136
Concordia,1279,5788.92,30800,8.6637010247,10.335269969,7.1538338016
Southern Cloud,242,7692.29,56282,8.9479738075,10.938130047,5.4889377262
North Jackson,464,6843.48,26471,8.8310516532,10.183805073,6.1398845522
Holton,1109,5864.77,26161,8.6767185446,10.172025031,7.0112139874
Mayetta,913,6878.51,19499,8.8361573377,9.8781184612,6.8167358806
Valley Halls,451,6666.55,23353,8.8048577637,10.058480735,6.1114673395
Jefferson County,498,6831.26,25428,8.8292644158,10.143606208,6.210600077
Jefferson West,974,6074.49,26350,8.7118533141,10.179223554,6.8814113036
Oskaloosa,752,6697.44,24569,8.8094806428,10.109240765,6.6227363239
McLouth,562,6370.8,34436,8.7594803294,10.446857808,6.3315018499
Perry,1058,6226.69,38076,8.7366001704,10.547339441,6.9641356124
Pleasanton,412,6543.06,24210,8.7861602249,10.09452105,6.0210233493
Seaman,3359,5177.78,45959,8.552131672,10.735504974,8.1193985896
Jayhawk,656,6390.64,32831,8.7625896989,10.39912847,6.4861607889
Kinsely-Offerle,314,7556.51,59501,8.9301647224,10.993748398,5.7493929859
Baldwin City,1387,5709.54,31389,8.649893739,10.354212792,7.2348984203
Stafford,349,7150.36,38275,8.8749179841,10.552552221,5.8550719222
St. John-Hudson,430,6765.9,47677,8.8196505695,10.77220438,6.0637852087
Macksville,297,6944.23,84619,8.8456663779,11.345914107,5.6937321388
Goodland,1174,6026.14,46454,8.7038619521,10.746217855,7.0681720004
Wellington,1913,5031.41,27616,8.5234555419,10.226150594,7.5564279694
Claflin,342,6981.38,32261,8.851001884,10.381614349,5.8348107371
Ellinwood,602,6286.63,30579,8.7461804351,10.328068778,6.4002574453
Conway Springs,605,6557.18,25279,8.7883159115,10.137729291,6.405228458
Belle Plaine,864,6475.47,18916,8.7757764708,9.8477634038,6.7615727688
Oxford,421,6535.74,27039,8.7850408561,10.205035547,6.0426328337
Argonia,239,7043.47,38711,8.8598562254,10.563879076,5.4764635519
Caldwell,338,7041.09,37429,8.8595182667,10.530201084,5.8230458955
Anthony-Harper,1071,6190.7,34740,8.7308034449,10.45564704,6.9763480704
Prairie View,983,7441.06,136986,8.9147685908,11.82763401,6.8906091201
Holcomb,923,6877.73,129520,8.8360439346,11.771590588,6.8276292345
Marysville,933,6126.34,44680,8.720352787,10.707281253,6.8384052008
Garnett,1182,5729.97,39613,8.6534655741,10.586912626,7.074963198
Woodson,583,6378.64,38927,8.7607101875,10.569443376,6.3681871864
Osawatomie,1263,5596.49,26630,8.6298948945,10.189793679,7.1412451224
Paola,2124,5125.53,41357,8.5419892133,10.629996973,7.6610563824
Burrton,269,8213.73,43106,9.0135624233,10.671417478,5.5947113796
Montezuma,234,9215.33,59694,9.1286236806,10.996986792,5.4553211154
Silver Lake,734,6595.24,26016,8.7941034557,10.166467012,6.5985090286
Newton,3524,4975.24,31249,8.5122288896,10.349742655,8.1673519871
Sublette,521,6588.27,115978,8.7930460741,11.661155797,6.2557500418
Circle,1531,5584.03,61461,8.6276660169,11.026158106,7.3336763957
Sterling,539,6755.7,36620,8.818141872,10.508349818,6.2897155709
Atchison County,792,6352.02,40065,8.7565281515,10.598258414,6.6745613918
Riley County,599,6797.42,30248,8.8242984074,10.317185346,6.3952615981
Clay Center,1571,4971.22,31379,8.5114205618,10.353894158,7.3594676383
Vermillon,618,6480.8,34121,8.7765992385,10.437668309,6.4264884575
Spearville,351,6450.25,25497,8.7718741687,10.146316077,5.8607862235
Pratt,1285,5616.18,37889,8.6334069965,10.542416111,7.1585139973
Manhattan,5724,5127.95,48313,8.5424612482,10.785455955,8.6524231407
Blue Valley,269,7272.77,41790,8.8918925158,10.640412355,5.5947113796
Andover,2956,5568.4,39748,8.6248630385,10.590314804,7.9915922821
Madison-Virgil,285,7268.07,40307,8.8912460607,10.60428043,5.6524891803
Altoona-Midway,337,6908,34008,8.8404354393,10.43435107,5.8200829304
Ellis,393,7141.64,46917,8.8736977208,10.756135362,5.9738096119
Eureka,766,6196.86,37354,8.7317979911,10.52819528,6.6411821697
Hamilton,107,8327.92,66138,9.0273690041,11.099498747,4.6728288345
Osborne,465,6484.62,34334,8.7771884983,10.443891396,6.1420374056
Solomon,463,6074.95,30560,8.7119290377,10.327447243,6.1377270541
Rose Hill,1890,5205.37,20027,8.557446064,9.9048366421,7.5443321081
LaCrosse,366,7313.22,53510,8.8974389482,10.887623831,5.9026333334
Douglass,905,5904.88,19061,8.6835344067,9.8553996417,6.8079349437
Centre,294,7648.95,51065,8.9423236625,10.84085461,5.6835797673
Peabody-Burns,460,6393.76,35529,8.7630777937,10.478104543,6.1312264895
Paradise,158,9460.78,86813,9.1549101111,11.371511659,5.062595033
Smoky Valley,1033,5633,37767,8.6363974389,10.539190984,6.9402224691
Chase,170,8818.88,68316,9.0846501568,11.131899279,5.1357984371
Augusta,2239,4761.98,25302,8.4684188271,10.138638723,7.7137846166
Otis-Bison,296,6805.59,70832,8.8254996123,11.168066155,5.6903594543
Riverton,812,6292.14,27712,8.7470565144,10.229620811,6.6995003402
Lyons,946,6179.53,29411,8.7289974958,10.289124033,6.8522425691
Wathena,424,6178.31,26549,8.7288000503,10.186747361,6.0497334552
Russell,1099,5896.06,40880,8.6820396102,10.618396225,7.0021559544
Marion,759,6391.71,32156,8.7627571172,10.378354337,6.6320017774
Atchison,1720,5055.99,36452,8.528328958,10.503751606,7.4500795698
Durham-Hills,746,6925.73,35420,8.8429987407,10.475031911,6.6147256002
Goessel,314,7505.47,32719,8.923387367,10.395711228,5.7493929859
Hoxie,430,6724.85,52262,8.8135648994,10.864024809,6.0637852087
Chanute,1955,5127.84,24191,8.5424397969,10.093735942,7.5781454724
Hiawatha,1078,5830.19,40702,8.6708048689,10.61403251,6.9828627515
Louisburg,1392,5463.7,53273,8.6058814949,10.883184915,7.2384968409
Morris County,1038,5905.36,38376,8.6836156921,10.555187543,6.9450510637
McPherson,2742,5120.46,46665,8.5409995577,10.750749698,7.9164428601
Canton-Galva,437,6825.39,41858,8.8284047613,10.642038217,6.0799331951
Osage City,813,5536.09,27047,8.6190437544,10.205331372,6.7007311095
Lyndon,485,6137.37,31045,8.7221515906,10.343193044,6.1841488909
Greensburg,326,7309.6,65730,8.8969438317,11.093310721,5.7868973814
Moundridge,450,7508.75,69242,8.9238242862,11.145362894,6.1092475828
Mullinville,93,10907.91,137820,9.2972434931,11.833703765,4.5325994932
Highland,276,7333.6,37273,8.9002218066,10.526024483,5.6204008657
Pike Valley,297,6981.66,39788,8.8510419898,10.591320638,5.6937321388
Belleville,574,6778.29,42556,8.8214801367,10.658576135,6.3526293963
Great Bend,3245,5113.08,32651,8.5395572413,10.393630762,8.0848706291
Troy,405,6735.77,22868,8.8151874104,10.037493832,6.0038870671
Brown County,753,6458.33,21502,8.7731260494,9.975901233,6.6240652278
Hoisington,733,6326.76,30911,8.7525435358,10.338867387,6.5971457019
Victoria,316,7084.47,45419,8.8656603434,10.723685799,5.7557422136
Midway,226,7309.21,53958,8.8968904758,10.895961245,5.4205349993
Santa Fe,1356,6185.47,24719,8.7299582722,10.115327458,7.2122944685
Abilene,1487,5360.28,33393,8.5867714915,10.416101576,7.3045159465
Caney,988,5810.22,20028,8.6673737149,9.9048865734,6.8956826977
Auburn Washburn,5073,5016.39,56167,8.5204658305,10.936084675,8.5316876376
Skyline,420,6714.84,41735,8.8120752814,10.639095384,6.0402547113
Sedgwick,482,6294.62,22268,8.7474505793,10.010905949,6.1779441141
Halstead,745,6391.44,40295,8.7627148741,10.603982671,6.6133842184
Sabetha,1039,6157.89,34454,8.7254894654,10.44738038,6.9460139911
Nemaha Valley,560,6611.12,41450,8.7965083587,10.632243161,6.3279367837
Dodge City,5507,5153.06,28701,8.547345992,10.264687244,8.6137752893
Little River,280,7755.83,82810,8.9562000976,11.324304106,5.6347896032
Coffeyville,2212,4946.96,39811,8.5065285255,10.591898535,7.7016523626
Independence,2245,5002.85,33688,8.517763029,10.42489697,7.7164608002
Cherryvale,673,6498.42,19970,8.7793143494,9.9019864264,6.5117453296
Inman,488,6454.3,43934,8.7725018543,10.690443787,6.1903154059
Easton,689,6669.47,29265,8.8052956755,10.284147542,6.535241271
Shawnee Heights,3383,5141.72,37289,8.5451429328,10.526453656,8.1265181688
B & B,263,7676.08,27277,8.9458642792,10.213799135,5.5721540322
Stanton County,567,6831.8,136350,8.829343461,11.822980388,6.3403593037
Leavenworth,4338,5007.84,32267,8.5187599634,10.381800315,8.3751686914
Burlingame,358,6898.76,24947,8.8390969643,10.124508853,5.8805329864
Hillcrest,150,8573.5,52770,9.0564313296,10.873698126,5.0106352941
Marais Des Cygnes,274,7267.39,43885,8.8911524964,10.689327855,5.6131281064
Garden City,7864,5141.95,32837,8.5451876639,10.399311207,8.9700506618
Basehor-Linwood,2048,5160.92,29721,8.5488701372,10.299609146,7.6246189862
Bucklin,353,6691.55,46834,8.8086008154,10.754364714,5.8664680569
Hesston,852,6335.52,38515,8.753927173,10.558803055,6.7475865268
Neodesha,845,6273.95,21040,8.7441614193,9.9541806669,6.7393366274
Central,391,6868.54,30491,8.8347068444,10.325186837,5.96870756
Udall,337,6736.28,35771,8.8152631228,10.484892788,5.8200829304
Tonganoxie,1451,5617.62,32545,8.6336633656,10.390379026,7.2800082529
Winfield,2764,5321.36,32559,8.5794841888,10.390809107,7.9244341849
Scott County,1070,5955.75,55326,8.6921124184,10.92099824,6.9754139275
Leoti,485,6841.95,61320,8.8308280577,11.023861333,6.1841488909
Healy,125,9523.87,48660,9.1615565578,10.792612616,4.8283137373
Lansing,1978,5163.89,28241,8.5494454504,10.248530102,7.5898415122
Arkansas City,2865,5148.88,21914,8.5465344943,9.994880981,7.9603236291
Dexter,205,7427.47,27708,8.9129405683,10.229476459,5.3230099791
Chapman,1183,5852.76,36508,8.6746686238,10.505286694,7.075808864
Haviland,173,8639.2,76478,9.0640652649,11.244758397,5.1532915945
Junction City,6463,5010.09,15619,8.519209158,9.6562434009,8.7738488853
Copeland,121,10898.58,95475,9.2963877845,11.466619712,4.7957905456
Ingalls,291,6536.88,47836,8.7852152664,10.775533773,5.6733232672
Crest,263,7105.85,40335,8.8686736674,10.604974857,5.5721540322
Liberal,4281,4766.42,31663,8.469350778,10.362904086,8.3619419061
Rural Vista,461,6380.79,33253,8.7610471931,10.411900268,6.133398043
Dighton,292,7159.82,69373,8.87624012,11.147253022,5.6767538023
Kismet-Plains,734,6093.98,65305,8.7150566776,11.086823882,6.5985090286
Fredonia,902,6402.98,33456,8.764518786,10.417986422,6.8046145201
Elwood,360,6140.94,33524,8.7227331039,10.420016879,5.8861040315
Herington,563,6710.57,23156,8.8114391742,10.050009205,6.3332796281
Axtell,363,7048.62,40144,8.860587132,10.600228269,5.8944028343
Hays,3398,5484.7,45747,8.6097176766,10.730881495,8.1309423022
El Dorado,2178,5116.72,33151,8.5402688877,10.408828161,7.6861623035
Eudora,1182,6108.56,28881,8.7174463452,10.270939218,7.074963198
Flinthills,352,7072.8,38724,8.8640117201,10.564214842,5.8636311756
Columbus,1405,5709.24,37981,8.649841194,10.544841314,7.2477925818
Syracuse,555,6999.24,87024,8.8535568507,11.373939222,6.3189681137
Ft. Larned,1046,6331.92,35626,8.7533587867,10.480830987,6.9527286446
Pawnee Heights,168,8908.58,58072,9.0947701363,10.969438899,5.1239639794
Lawrence,10459,5361.33,63667,8.5869673576,11.061421654,9.2552181308
Valley Heights,488,6758.68,28040,8.8185828837,10.241387341,6.1903154059
Galena,817,6067.2,13290,8.7106524926,9.4947671517,6.7056390949
Kansas City,21173,5534.48,28214,8.6187528931,10.247573588,9.9604820641
Topeka,14098,5401.49,40170,8.5944301204,10.600875727,9.5537882223
Lewis,187,7617.14,73444,8.9381562501,11.20427849,5.2311086169
Parsons,1719,5317.91,26473,8.578835648,10.183880625,7.4494980054
Oswego,533,6585.58,23222,8.7926376893,10.052855384,6.2785214242
Chetopa,282,7544.66,22400,8.9285953072,10.016816238,5.6419070709
Labette County,1793,5385.38,21801,8.5914431535,9.9897111193,7.4916454736
Satanta,444,7261.74,204934,8.8903747485,12.230443255,6.0958245624
Baxter Springs,910,5919.75,25291,8.6860494973,10.13820388,6.8134445995
South Haven,274,6775.09,23512,8.8210079298,10.065266208,5.6131281064
Attica,135,9187.01,62942,9.1255458088,11.049968946,4.9052747784
Shawnee Mission,30765,5282.38,84785,8.5721320327,11.347873919,10.334132959