CITY,ZIP,ListPrice,BEDS,BATHS,SQFT,LotSize,Age,HasGarage,LATITUDE,LONGITUDE
St. Paul,55113,214000,3,2,1954,6969,96,Garage,44.991634,-93.142616
St. Paul,55104,134900,3,1,1028,4356,103,Garage,44.957291,-93.142624
St. Paul,55106,129722,4,1,1420,5227,114,No Garage,44.954708,-93.057976
St. Paul,55104,134900,2,1.75,904,8712,86,Garage,44.952404,-93.142693
Shoreview,55126,444900,4,2.5,2014,12632,0,Garage,44.944391,-93.141348
St. Paul,55106,134900,4,1,1980,4791,110,Garage,44.964642,-93.057945
Minneapolis,55418,159000,3,2,1594,3484,114,Garage,45.012962,-93.244789
St. Paul,55106,69900,3,1.25,1255,7405,120,Garage,44.971966,-93.05616
St. Paul,55106,79990,2,1.25,816,4791,87,Garage,44.977798,-93.057526
St. Paul,55106,69900,3,1.5,1200,4791,138,No Garage,44.960121,-93.057121
St. Paul,55116,249900,3,1.75,2056,6098,62,Garage,44.910465,-93.181953
St. Paul,55104,149900,5,1.75,1602,4791,99,Garage,44.954582,-93.143738
St. Paul,55103,177500,2,1,1538,4791,85,Garage,44.972698,-93.134132
St. Paul,55104,144900,3,1,1108,4791,67,Garage,44.962364,-93.144569
St. Paul,55116,464900,3,1.75,2132,12196,58,Garage,44.909348,-93.180634
St. Paul,55104,72000,3,2,1644,6969,100,Garage,44.958725,-93.145119
St. Paul,55106,147500,3,1,1455,5662,61,Garage,44.973854,-93.029457
St. Paul,55104,119900,2,1,735,5662,68,Garage,44.965065,-93.145378
St. Paul,55117,57500,3,2,1117,4791,106,Garage,44.973686,-93.108864
St. Paul,55117,80000,2,1.5,776,5662,97,Garage,44.97377,-93.118416
St. Paul,55116,214900,3,1.75,1434,6098,63,Garage,44.90863,-93.187813
St. Paul,55117,154900,4,2,1834,4791,108,Garage,44.973911,-93.110695
St. Paul,55117,79900,2,1,700,5662,104,Garage,44.973938,-93.115227
St. Paul,55106,129900,3,1.75,1252,4791,93,Garage,44.975998,-93.054565
St. Paul,55105,699900,7,4.25,3955,6534,91,Garage,44.933537,-93.145943
St. Paul,55105,364900,3,2.25,1848,6098,76,Garage,44.93922,-93.146172
St. Paul,55106,94850,2,1,936,4791,88,Garage,44.960629,-93.054131
St. Paul,55106,104900,2,1,936,10454,95,Garage,44.951061,-93.05423
St. Paul,55117,225000,4,1,1818,38768,114,Garage,44.990578,-93.101143
Minneapolis,55419,259800,3,1.5,1295,4356,105,Garage,44.915787,-93.278603
St. Paul,55106,199900,3,1,1600,6098,92,Garage,44.980007,-93.054131
St. Paul,55105,186900,2,1,938,5662,88,Garage,44.927601,-93.146851
St. Paul,55106,123900,4,1,1075,5227,92,Garage,44.97456,-93.0504
St. Paul,55106,389000,3,3,2328,,93,Garage,44.980007,-93.053955
St. Paul,55105,699900,6,4.25,5223,26136,102,Garage,44.940853,-93.147011
Woodbury,55129,319000,2,1.75,1430,,1,Garage,44.957136,-93.004931
St. Paul,55106,149990,3,2,1220,4791,0,Garage,44.966068,-93.053917
Minneapolis,55417,499999,3,2.5,2402,6969,83,Garage,44.913395,-93.258186
Minneapolis,55411,129900,3,2.25,1496,3484,8,Garage,45.004608,-93.294952
St. Paul,55106,129900,3,1.25,964,8276,44,Garage,44.955235,-93.053474
St. Paul,55106,169900,3,1.5,1480,4791,88,Garage,44.975105,-93.0504
Minneapolis,55419,850000,4,3.25,3646,8712,82,Garage,44.919872,-93.294502
St. Paul,55106,129900,2,1.5,1781,3920,91,Garage,44.977295,-93.053085
St. Paul,55117,129900,2,1.5,1407,4791,105,Garage,44.975082,-93.10759
St. Paul,55106,76500,3,1,1108,2613,124,Garage,44.965164,-93.052773
St. Paul,55105,369900,3,2.75,1870,6098,92,Garage,44.936054,-93.14785
St. Paul,55104,129900,3,1,1005,4791,94,Garage,44.957291,-93.148102
St. Paul,55117,224900,3,2.5,1940,,10,Garage,44.975529,-93.119659
St. Paul,55106,99900,4,1.75,1900,4791,88,Garage,44.977798,-93.052315
St. Paul,55106,119900,3,2,1696,6969,102,Garage,44.949902,-93.062836
St. Paul,55106,134900,3,1,1110,6534,65,Garage,44.975792,-93.028221
Minneapolis,55419,549000,4,1.5,2012,7840,91,Garage,44.912052,-93.279961
St. Paul,55130,124900,3,2.25,2179,8712,103,Garage,44.975971,-93.077736
St. Paul,55108,229900,3,1.5,1835,4791,108,Garage,44.987713,-93.148537
St. Paul,55106,139900,4,1.75,1400,5227,76,Garage,44.959236,-93.051765
St. Paul,55130,123900,3,1,1148,10890,126,Garage,44.975945,-93.076996
St. Paul,55104,152900,4,1.75,1904,3920,92,Garage,44.948277,-93.148842
St. Paul,55117,129900,4,1.75,1424,5227,66,Garage,44.976227,-93.112686
St. Paul,55106,62400,1,1,510,4791,86,Garage,44.972778,-93.051414
St. Paul,55104,124900,2,1,676,4791,74,Garage,44.961823,-93.149513
St. Paul,55106,117000,2,1,1017,13285,125,Garage,44.954735,-93.051445
St. Paul,55106,264900,3,1.75,2304,5227,92,Garage,44.978699,-93.051247
St. Paul,55117,119900,2,1,1314,5662,73,Garage,44.97633,-93.114479
St. Paul,55117,89900,5,1.75,1835,6534,120,Garage,44.990303,-93.104721
St. Paul,55105,675000,2,2.25,3130,6098,89,Garage,44.936527,-93.149643
St. Paul,55130,160000,3,1.75,1894,6534,61,Garage,44.976803,-93.078262
St. Paul,55130,120000,3,1.25,1183,4791,75,Garage,44.976944,-93.077713
St. Paul,55105,749900,3,2.75,3589,,124,Garage,44.942009,-93.150284
St. Paul,55104,139900,3,1.75,1201,4791,97,Garage,44.95871,-93.150612
St. Paul,55106,129900,3,1.25,1600,6098,73,No Garage,44.950699,-93.050262
St. Paul,55116,179900,3,1,864,6098,61,Garage,44.905338,-93.183754
St. Paul,55105,375000,3,1.75,1980,9147,24,Garage,44.942013,-93.150826
St. Paul,55116,329900,3,2.75,2478,6098,77,Garage,44.924892,-93.15094
Minneapolis,55419,519900,3,2.5,2973,6098,91,Garage,44.907166,-93.29483
St. Paul,55102,1375000,5,4.25,4934,14810,104,Garage,44.944958,-93.115173
St. Paul,55116,750000,5,3.5,3849,13503,81,Garage,44.920876,-93.151428
St. Paul,55117,140000,3,1.5,1167,8712,99,Garage,44.978348,-93.124138
St. Paul,55106,139900,2,1,1530,9147,64,Garage,44.957508,-93.048401
St. Paul,55106,90000,3,1,1308,5227,134,Garage,44.965187,-93.048447
St. Paul,55117,150000,2,1,759,,95,Garage,44.978516,-93.105553
St. Paul,55104,169900,4,1.5,1744,4791,124,No Garage,44.961803,-93.152847
St. Paul,55106,124000,3,2.5,1700,9147,99,Garage,44.966984,-93.047867
St. Paul,55116,159900,2,1,1120,4791,74,Garage,44.923996,-93.153175
St. Paul,55105,299500,3,1.75,1395,4791,87,Garage,44.931755,-93.153152
St. Paul,55130,129850,3,1,1382,5227,85,Garage,44.979248,-93.077744
St. Paul,55105,215900,2,1,720,,91,Garage,44.929428,-93.153481
St. Paul,55119,199000,4,1.25,1887,125888,129,Garage,44.903839,-93.009346
St. Paul,55117,159900,3,1,1184,10454,83,Garage,44.979492,-93.126785
St. Paul,55106,134990,3,1,1774,5227,93,Garage,44.958855,-93.046776
St. Paul,55117,99000,2,1,960,5532,95,Garage,44.97958,-93.10685
St. Paul,55104,165000,4,1.5,1544,5227,101,Garage,44.967216,-93.154083
St. Paul,55130,84900,3,1.75,1381,3920,123,Garage,44.979755,-93.075775
St. Paul,55104,153334,3,1,1120,5227,98,Garage,44.967205,-93.154472
St. Paul,55117,439000,4,2.5,3007,13068,87,Garage,44.980263,-93.134377
St. Paul,55105,414900,5,3.5,2922,4791,10,Garage,44.928524,-93.154785
St. Paul,55117,124900,3,1.5,1140,6098,67,Garage,44.980152,-93.111389
St. Paul,55116,559900,4,3.25,2762,4791,0,Garage,44.92218,-93.155106
St. Paul,55104,699900,5,3.75,4500,14810,87,Garage,44.945347,-93.196625
St. Paul,55117,155900,4,1.5,1806,5227,104,Garage,44.980534,-93.1101
St. Paul,55116,520000,4,3.5,2907,4791,1,Garage,44.920876,-93.155418
St. Paul,55104,129900,2,1,1101,,105,Garage,44.964123,-93.155716
St. Paul,55116,225000,3,1.75,1252,4791,89,Garage,44.923096,-93.155838
St. Paul,55105,279900,3,1.75,1400,4791,85,Garage,44.928528,-93.155869
Minneapolis,55413,119000,2,1,644,5662,114,Garage,45.001488,-93.257919
St. Paul,55104,129900,3,1.5,1008,4791,114,Garage,44.958683,-93.156013
St. Paul,55116,324900,4,3.5,2908,4791,10,Garage,44.920376,-93.156189
St. Paul,55116,499000,3,2.5,1820,4791,1,Garage,44.920879,-93.156189
St. Paul,55116,289900,3,1.75,1604,4791,89,Garage,44.92128,-93.156647
St. Paul,55104,159900,4,1,1740,4791,125,Garage,44.959591,-93.157021
St. Paul,55106,144850,4,1,1498,4791,62,Garage,44.96067,-93.043449
St. Paul,55106,182500,4,1.5,2288,9583,56,Garage,44.982147,-93.042671
St. Paul,55130,162900,4,1.75,1677,6098,51,Garage,44.982059,-93.077019
St. Paul,55106,58895,4,1,1589,15245,100,Garage,44.969845,-93.042847
St. Paul,55117,40000,4,1,1720,3920,124,Garage,44.965683,-93.094833
St. Paul,55117,179900,4,2,3123,4791,53,Garage,44.98222,-93.12336
St. Paul,55105,195000,3,1,1585,5227,100,Garage,44.934498,-93.157745
St. Paul,55106,119000,3,1.5,1412,6969,92,Garage,44.961594,-93.042603
St. Paul,55105,199900,3,1.5,1270,4791,97,Garage,44.928535,-93.15831
St. Paul,55106,159900,3,2.5,1996,3484,14,Garage,44.959732,-93.042038
St. Paul,55117,239900,4,2,2294,8276,99,Garage,44.982903,-93.130943
St. Paul,55106,124900,3,1,1238,4791,89,Garage,44.983269,-93.024872
St. Paul,55105,179000,3,1,1012,3484,57,Garage,44.930885,-93.159065
St. Paul,55104,149900,3,1,1548,4791,126,Garage,44.959579,-93.159027
St. Paul,55108,179900,3,1.75,1647,5227,89,Garage,44.98341,-93.166573
St. Paul,55108,294900,4,1.5,2034,10454,82,Garage,44.982029,-93.159378
St. Paul,55104,149900,3,1.5,1800,4791,111,Garage,44.962662,-93.159721
Minneapolis,55411,139900,3,2,1760,14374,54,Garage,45.005249,-93.298431
Minneapolis,55411,99000,2,1,900,,93,Garage,44.993523,-93.309697
Minneapolis,55413,129875,1,1,1076,,114,Garage,45.002598,-93.259262
Minneapolis,55411,135000,6,2,1876,5227,12,Garage,44.993893,-93.30481
St. Paul,55106,189000,5,3.25,2234,5662,9,Garage,44.969025,-93.040009
St. Paul,55106,179900,3,1.5,1628,4791,1,Garage,44.960258,-93.039954
St. Paul,55104,159900,2,1,1149,4791,67,Garage,44.945572,-93.160873
St. Paul,55117,154900,3,1.75,1876,7405,73,Garage,44.984421,-93.107513
St. Paul,55117,189900,4,1.75,1802,7840,61,Garage,44.984417,-93.120239
St. Paul,55105,749000,5,3.5,3327,12196,104,Garage,44.940914,-93.161057
Minneapolis,55419,749900,3,2.25,2079,7840,88,Garage,44.91563,-93.297585
St. Paul,55108,189500,2,1,1280,5227,88,Garage,44.985172,-93.160156
St. Paul,55105,479900,4,2.25,2696,7405,98,Garage,44.938694,-93.162125
St. Paul,55104,174900,3,2,1932,4356,103,Garage,44.957241,-93.162109
St. Paul,55106,88000,2,1,905,4791,62,Garage,44.985416,-93.035103
St. Paul,55106,109900,2,1.75,1374,12196,114,Garage,44.971729,-93.038544
St. Paul,55106,104900,3,1.5,1140,19602,59,Garage,44.947453,-93.03846
St. Paul,55106,146000,2,1.75,2195,10454,61,Garage,44.948544,-93.038376
St. Paul,55104,99900,2,0.75,994,5227,103,Garage,44.950985,-93.162804
St. Paul,55108,274900,4,1.75,2647,3920,128,Garage,44.975796,-93.16288
St. Paul,55130,85000,2,1.25,1027,5227,114,Garage,44.986034,-93.076515
St. Paul,55108,244999,4,2,1900,5227,92,Garage,44.985973,-93.155724
St. Paul,55102,164900,3,1.75,1557,4791,93,Garage,44.918743,-93.140533
St. Paul,55116,375000,4,2.75,2163,4791,67,Garage,44.920898,-93.163429
St. Paul,55117,169750,3,1.75,1600,6969,65,Garage,44.986446,-93.130363
St. Paul,55108,269900,3,1.75,2119,4791,81,Garage,44.986504,-93.164696
St. Paul,55108,209900,3,1,1072,4791,94,Garage,44.979412,-93.163765
Minneapolis,55411,84900,2,1.75,1122,4356,98,No Garage,44.994656,-93.307838
St. Paul,55105,379900,4,2,2032,5227,98,Garage,44.93491,-93.163971
Minneapolis,55411,114900,3,1.5,1438,4791,73,Garage,44.994637,-93.306602
St. Paul,55119,263525,5,3.25,2598,10890,10,Garage,44.895756,-93.006966
St. Paul,55104,84900,2,1.75,1131,3920,110,Garage,44.956371,-93.164665
St. Paul,55117,152900,4,1,1300,5227,105,Garage,44.987106,-93.126549
Minneapolis,55411,130000,3,1.5,1512,6098,5,Garage,44.994865,-93.299049
St. Paul,55117,159000,4,1,1260,5227,82,Garage,44.987,-93.127106
St. Paul,55106,107900,4,2.5,2117,6098,55,Garage,44.957073,-93.036064
St. Paul,55106,159900,4,1.75,1778,8276,56,Garage,44.987377,-93.048584
St. Paul,55108,244900,3,1.75,1816,4791,83,Garage,44.987171,-93.163406
St. Paul,55106,167900,3,1.75,1794,7840,59,Garage,44.987526,-93.035851
Minneapolis,55411,40000,5,1,1694,5662,92,Garage,,
St. Paul,55130,135000,3,1,1334,5662,50,Garage,44.987381,-93.086624
St. Paul,55108,154900,2,1,1112,6098,100,Garage,44.976654,-93.165451
St. Paul,55108,199900,2,1.75,1384,5227,83,Garage,44.987663,-93.153656
St. Paul,55107,146900,3,1.75,2692,6534,39,Garage,44.933338,-93.077408
Minneapolis,55411,159900,3,2.25,1651,5662,1,Garage,45.000957,-93.301086
St. Paul,55108,224900,3,1.5,1625,5227,80,Garage,44.988068,-93.16011
St. Paul,55108,89000,3,1,1103,7840,124,No Garage,44.978489,-93.166176
St. Paul,55108,119900,1,1.75,851,3049,96,Garage,44.979389,-93.166245
St. Paul,55106,115000,3,1,888,6098,59,Garage,44.988834,-93.048584
St. Paul,55106,169900,4,2.5,1196,8276,91,Garage,44.988796,-93.043434
St. Paul,55102,174900,3,1,1686,7405,63,Garage,44.918892,-93.143372
St. Paul,55106,120000,3,1,1140,7448,40,Garage,44.956158,-93.033577
St. Paul,55106,239741,4,2,1759,4791,2,Garage,44.962073,-93.033416
St. Paul,55106,165000,3,2,2085,6534,54,Garage,44.982689,-93.033516
St. Paul,55106,92000,4,2,1690,6969,61,Garage,44.988647,-93.033539
St. Paul,55106,169900,3,1,1345,6098,59,Garage,44.983604,-93.033318
St. Paul,55102,125000,3,1.25,1512,,102,Garage,44.917263,-93.14283
St. Paul,55106,139000,3,1,1272,4791,48,Garage,44.96159,-93.033142
Minneapolis,55413,227900,4,0.75,1920,5227,114,Garage,45.004318,-93.258514
Minneapolis,55411,94900,5,2,1820,5227,74,Garage,45.001781,-93.301086
St. Paul,55108,209900,3,1,1401,5227,87,Garage,44.98959,-93.155663
Minneapolis,55413,210000,4,2,1555,4356,32,Garage,45.004551,-93.267303
Minneapolis,55413,178000,3,1.5,1531,6098,75,Garage,45.004459,-93.269226
Minneapolis,55413,224900,4,1.75,1680,6534,61,Garage,45.004688,-93.238823
St. Paul,55106,129900,4,1.25,1560,6098,112,No Garage,44.951305,-93.064095
Minneapolis,55413,149000,3,1.75,1544,5662,89,Garage,45.004772,-93.242645
Minneapolis,55408,464000,3,1.75,1944,6534,113,Garage,44.9468,-93.303047
St. Paul,55106,149900,3,1,1321,6969,97,Garage,44.964664,-93.03186
St. Paul,55130,159900,3,2,1424,6098,67,Garage,44.990257,-93.075851
St. Paul,55106,97000,3,1,1094,6098,68,Garage,44.985012,-93.031723
St. Paul,55106,159777,3,1.75,1526,6534,59,Garage,44.990505,-93.048576
St. Paul,55106,164900,3,1.5,1581,7405,51,Garage,44.953835,-93.031738
St. Paul,55106,149990,4,1.75,1714,6098,64,Garage,44.96558,-93.031395
St. Paul,55106,152500,5,1.5,1547,6098,62,Garage,44.959251,-93.031181
St. Paul,55106,120000,2,1.25,1240,,88,Garage,44.961586,-93.03125
Minneapolis,55411,44000,3,1,1311,5227,114,No Garage,44.996456,-93.316833
St. Paul,55106,99900,4,1.25,1008,4356,74,Garage,44.990807,-93.071503
Minneapolis,55411,142800,4,1.75,1650,5227,60,Garage,44.996414,-93.311142
St. Paul,55106,99900,2,2.5,1126,5227,134,Garage,44.964684,-93.031075
St. Paul,55117,139900,3,1,1220,4791,73,Garage,44.984737,-93.106796
St. Paul,55104,182500,4,1.75,1778,6969,106,Garage,44.950935,-93.170158
St. Paul,55104,169900,3,1,1453,4791,75,Garage,44.958111,-93.170685
St. Paul,55106,324900,3,1.75,2336,8712,31,Garage,44.991489,-93.05072
St. Paul,55106,69000,2,1,832,6969,88,Garage,44.977245,-93.029968
St. Paul,55106,69500,3,1,1014,,85,Garage,44.968033,-93.0299
St. Paul,55105,194900,2,1,1135,5227,95,Garage,44.934013,-93.170959
St. Paul,55106,189000,4,1.5,1460,10454,116,Garage,44.97057,-93.029678
St. Paul,55106,35900,2,1,734,6534,101,No Garage,44.969002,-93.029694
St. Paul,55116,299900,3,2,1400,5227,90,Garage,44.924942,-93.171394
St. Paul,55106,168797,3,1.75,1306,5227,94,Garage,44.963371,-93.029305
St. Paul,55106,175000,3,1.75,1150,10454,46,Garage,44.947945,-93.029167
St. Paul,55104,179900,2,1,1344,4791,77,Garage,44.959538,-93.1716
St. Paul,55105,289900,3,2,1635,5227,93,Garage,44.931297,-93.171738
St. Paul,55106,39900,2,1.75,1808,6098,107,Garage,44.966999,-93.028969
St. Paul,55105,329900,3,1.5,1550,6534,99,Garage,44.933624,-93.171913
St. Paul,55104,149900,4,1,1369,4791,99,Garage,44.959923,-93.171761
St. Paul,55106,84900,3,1.75,1133,8276,99,Garage,,
St. Paul,55117,120000,3,1,1694,4791,114,Garage,44.974945,-93.10051
St. Paul,55106,204900,4,1.5,2524,9147,51,Garage,44.956356,-93.035606
St. Paul,55106,145000,4,2,1964,7840,57,Garage,44.982666,-93.028503
St. Paul,55105,269900,4,1.75,1406,5227,96,Garage,44.928577,-93.172623
St. Paul,55104,194900,4,1.5,1408,4791,102,No Garage,44.946823,-93.172516
St. Paul,55104,149900,3,0.75,1224,3920,128,Garage,44.966194,-93.172638
Minneapolis,55411,74900,3,1.5,1178,5227,94,Garage,44.996681,-93.306061
Minneapolis,55407,139900,2,1,738,2613,92,Garage,44.928806,-93.249084
St. Paul,55104,169900,4,2,1385,4356,114,Garage,44.961342,-93.172729
St. Paul,55105,1195000,5,3.25,6247,18295,106,Garage,44.942043,-93.172813
St. Paul,55106,99900,3,1,1241,5662,97,Garage,,
St. Paul,55106,129900,3,1,1408,7405,73,Garage,44.960636,-93.027626
Minneapolis,55408,1100000,4,1.5,1334,5662,114,Garage,44.949028,-93.304314
St. Paul,55104,299900,3,2,1644,4356,116,Garage,44.960831,-93.173164
St. Paul,55105,259900,3,1.75,1692,5227,95,Garage,44.928185,-93.173241
St. Paul,55106,189900,4,2,2230,11761,50,Garage,44.947262,-93.027611
St. Paul,55106,99000,3,1,949,10018,106,Garage,44.964676,-93.027138
St. Paul,55106,132900,3,1.75,1528,,49,Garage,44.947891,-93.027344
St. Paul,55106,159900,3,1.5,649,,91,Garage,44.964283,-93.027061
St. Paul,55116,145000,3,1.25,1580,6534,106,No Garage,44.901024,-93.173897
St. Paul,55107,259900,4,1.75,2758,6534,135,Garage,44.931992,-93.09288
St. Paul,55107,169900,3,1.5,1503,9147,114,Garage,44.929302,-93.092972
St. Paul,55106,157000,4,1.5,1702,9626,107,Garage,44.948441,-93.026619
St. Paul,55106,162990,4,1.75,2102,6098,97,Garage,44.960636,-93.026497
St. Paul,55106,70000,2,1,1000,7405,74,Garage,44.977821,-93.026115
St. Paul,55106,117500,3,1,1176,4791,57,Garage,44.96608,-93.02597
St. Paul,55104,165000,3,1.75,1246,4791,59,Garage,44.959534,-93.175064
St. Paul,55116,104500,2,1,702,6098,105,Garage,44.900501,-93.175255
St. Paul,55104,125000,3,1,1240,5227,66,Garage,44.961704,-93.175385
St. Paul,55106,69000,1,1,710,,129,No Garage,44.949211,-93.06321
St. Paul,55119,98850,2,1,730,4356,92,Garage,44.984989,-93.024475
St. Paul,55116,199786,3,2,1403,3484,31,Garage,44.905117,-93.175972
St. Paul,55105,140000,3,2,1650,7405,97,Garage,44.972363,-93.024307
St. Paul,55119,169900,3,1.5,1829,,64,Garage,44.956337,-93.024239
Minneapolis,55411,28250,3,1,1597,6534,100,No Garage,44.997574,-93.306061
St. Paul,55119,72900,3,1,1177,4791,75,Garage,44.965145,-93.0242
St. Paul,55116,409900,3,2.25,2218,10454,60,Garage,44.911331,-93.176208
St. Paul,55116,750000,4,3.25,3460,4791,11,Garage,44.897522,-93.183685
Minneapolis,55411,129500,3,1.75,1533,4791,97,Garage,44.997787,-93.306602
Minneapolis,55412,84900,2,1,940,6534,88,Garage,45.035744,-93.303688
St. Paul,55119,39353,1,1.5,972,3920,99,Garage,44.970081,-93.023712
St. Paul,55117,99900,2,1,1218,7405,124,Garage,44.964069,-93.092842
St. Paul,55105,384900,4,2,2468,6098,88,Garage,44.936756,-93.177429
St. Paul,55105,214900,3,1,1529,4791,89,Garage,44.927692,-93.177414
St. Paul,55116,499900,4,2.25,2085,9583,76,Garage,44.922318,-93.177513
St. Paul,55119,129850,3,1,1123,4791,74,No Garage,44.964638,-93.023117
St. Paul,55119,129850,2,1.5,1527,4356,100,Garage,44.970554,-93.022949
St. Paul,55119,149900,4,1.5,1192,5662,62,Garage,44.988602,-93.022896
St. Paul,55105,329900,3,2.75,1859,5227,92,Garage,44.935455,-93.17794
St. Paul,55119,145000,3,1.75,1628,4791,53,Garage,44.978676,-93.022942
St. Paul,55119,129500,4,1.75,1422,4791,84,Garage,44.966042,-93.022285
St. Paul,55119,62000,2,1,728,4791,93,Garage,44.978676,-93.022255
St. Paul,55119,76000,2,1,660,4791,89,Garage,44.977257,-93.022263
St. Paul,55119,128000,3,1.75,1645,4791,76,Garage,44.978676,-93.022102
West St. Paul,55118,129000,2,1.75,1194,5227,114,Garage,44.919338,-93.077362
St. Paul,55119,146900,3,2,2020,5227,84,Garage,44.985382,-93.021698
St. Paul,55116,239900,2,1,1324,5227,10,Garage,44.910278,-93.150124
St. Paul,55119,109900,2,1,1086,4791,63,Garage,44.963734,-93.021523
St. Paul,55118,155900,3,1.5,1255,5227,106,Garage,44.919842,-93.077484
St. Paul,55105,199850,2,1,826,5227,92,Garage,44.934566,-93.179398
St. Paul,55105,1799000,5,4.25,5702,27442,86,Garage,44.940956,-93.179634
St. Paul,55105,449900,4,1.75,2514,6098,87,Garage,44.930931,-93.179855
St. Paul,55119,165000,3,1.75,1529,4791,47,Garage,44.956486,-93.020775
St. Paul,55116,279000,3,1.5,1568,5662,102,Garage,44.898327,-93.180298
St. Paul,55117,49900,2,1,832,,109,Garage,44.974049,-93.10051
Minneapolis,55411,150000,3,2,1486,5227,91,Garage,45.005375,-93.304611
St. Paul,55116,299800,4,1.75,1742,6098,82,Garage,44.89772,-93.181023
St. Paul,55104,179500,3,1.25,1248,5619,109,Garage,44.963142,-93.181023
St. Paul,55104,294999,4,2,2176,5227,119,Garage,44.954483,-93.180229
St. Paul,55116,309900,5,2.75,2480,7405,65,Garage,44.913208,-93.181435
St. Paul,55105,359900,3,1.5,1806,5227,79,Garage,44.92952,-93.181282
St. Paul,55107,112900,2,1,860,4791,89,Garage,44.920166,-93.077171
Minneapolis,55411,119900,3,1.5,1308,5227,90,Garage,44.999603,-93.31369
St. Paul,55119,48000,2,1.25,933,,93,Garage,44.983177,-93.018791
St. Paul,55119,159900,4,2,1915,5662,63,Garage,44.964302,-93.019272
St. Paul,55116,429900,4,2,2460,9147,60,Garage,44.915005,-93.182076
St. Paul,55104,514000,3,3.25,3542,12196,124,Garage,44.951889,-93.182068
St. Paul,55119,144900,3,1,1536,9147,60,Garage,44.977242,-93.01825
St. Paul,55105,199000,4,3,1981,,98,No Garage,44.935566,-93.143753
St. Paul,55116,549900,4,3.5,2852,6098,1,Garage,44.915821,-93.18335
St. Paul,55105,344900,4,1.75,1532,5227,90,Garage,44.932762,-93.184196
St. Paul,55116,189900,3,1,1398,6098,62,Garage,44.907337,-93.184616
St. Paul,55104,424000,4,3,3142,9583,38,Garage,44.942215,-93.178291
St. Paul,55116,137000,3,1.75,1326,5662,56,Garage,44.902679,-93.185043
St. Paul,55119,129900,3,1,1800,8276,57,Garage,44.984974,-93.015129
Minneapolis,55411,99900,4,1.75,1828,5227,96,Garage,45.000118,-93.309113
St. Paul,55105,279900,3,1.75,1336,5227,90,Garage,44.929535,-93.186226
Maplewood,55119,174900,3,2.5,1623,7840,57,Garage,44.991337,-93.01403
Minneapolis,55418,149900,3,1.5,1406,5227,55,Garage,45.033623,-93.231071
St. Paul,55119,144900,4,2,1400,7405,60,Garage,44.979996,-93.014175
St. Paul,55105,179900,3,1,1064,5227,52,Garage,44.93528,-93.146996
St. Paul,55119,169900,3,1.5,1943,10454,61,Garage,44.959217,-93.013817
St. Paul,55119,89900,3,1,624,10454,93,No Garage,44.958298,-93.013344
St. Paul,55119,179000,4,2.25,1857,6098,55,Garage,44.950401,-93.013329
St. Paul,55105,314900,3,1.75,1725,4791,92,Garage,44.935867,-93.18811
St. Paul,55119,135500,3,1.75,1200,4356,60,Garage,44.958298,-93.012817
St. Paul,55119,164900,4,2,2009,9147,50,Garage,44.941761,-93.005386
St. Paul,55116,650000,4,2.75,3880,9147,53,Garage,44.909416,-93.179977
St. Paul,55119,149900,3,1.75,1647,6534,60,Garage,44.964619,-93.011681
St. Paul,55119,178900,3,1.75,1387,136778,50,Garage,44.908077,-93.01046
St. Paul,55116,799000,5,3,3927,125452,62,Garage,44.905556,-93.166077
Minneapolis,55411,82500,5,1.5,1320,6534,113,No Garage,45.000618,-93.28756
Minneapolis,55411,69900,3,1,1600,5227,105,Garage,45.001087,-93.311684
St. Paul,55102,149900,2,1.5,1296,1306,144,No Garage,44.935165,-93.113876
Minneapolis,55411,100000,4,1.5,1964,5662,84,Garage,45.001324,-93.310394
Minneapolis,55411,105900,4,1.5,2198,4356,104,Garage,45.001331,-93.286758
St. Paul,55105,329900,3,1.5,1691,4791,90,Garage,44.930038,-93.19075
St. Paul,55104,1195000,6,4.5,6328,16988,104,Garage,44.949982,-93.190994
St. Paul,55105,556877,4,3.25,2573,4791,91,Garage,44.927338,-93.191055
St. Paul,55117,79500,3,,1091,5227,89,Garage,44.977676,-93.109253
Minneapolis,55409,209900,2,1,814,2178,90,Garage,44.926636,-93.282555
St. Paul,55116,1325000,4,5.75,6783,35283,61,Garage,44.90678,-93.170746
St. Paul,55116,364500,4,2.25,2432,5662,78,Garage,44.924976,-93.191895
St. Paul,55119,199900,5,2.25,2767,7840,46,Garage,44.943439,-93.008591
St. Paul,55105,360000,3,1,1211,6534,98,Garage,44.935001,-93.173004
St. Paul,55119,134900,4,1,1709,6534,54,Garage,44.965523,-93.008591
St. Paul,55116,249900,2,1.25,994,4791,85,Garage,44.920944,-93.193451
Minneapolis,55418,119500,2,1,1073,6969,98,Garage,45.010162,-93.256371
Minneapolis,55418,99900,2,1.75,1220,6534,114,Garage,45.010315,-93.260712
St. Paul,55116,479000,4,1.75,2358,7405,79,Garage,44.922249,-93.194115
Minneapolis,55418,260000,3,1.5,1488,5227,105,Garage,45.010235,-93.234962
St. Paul,55105,649900,5,3.25,3222,6098,86,Garage,44.934578,-93.19426
St. Paul,55119,194500,3,1.75,1814,7405,54,Garage,44.939663,-93.006386
St. Paul,55119,125000,4,1.5,1520,,53,Garage,44.938816,-93.005432
St. Paul,55117,113900,2,1.75,1296,4791,63,Garage,44.988358,-93.110039
St. Paul,55119,129000,4,2.25,1790,7405,47,Garage,44.937168,-93.005188
St. Paul,55107,78980,2,1,1415,7405,75,Garage,44.922497,-93.085938
Minneapolis,55405,769000,5,3.25,3715,7405,102,Garage,44.959976,-93.298607
St. Paul,55104,206000,2,1,1358,11761,76,Garage,44.955853,-93.195251
Minneapolis,55411,125000,3,1.5,1468,5227,105,Garage,45.002533,-93.299576
Minneapolis,55406,234900,3,2,1277,7405,18,Garage,44.937901,-93.238503
Minneapolis,55418,229900,4,2,1288,5227,88,Garage,45.009861,-93.227776
Minneapolis,55411,83900,3,1,1761,6534,107,Garage,45.002991,-93.298637
St. Paul,55114,150000,4,2,1686,6969,114,Garage,44.967377,-93.195786
Minneapolis,55406,119900,2,1,732,4791,100,Garage,44.939301,-93.238045
Minneapolis,55411,69900,4,1.5,3000,3484,122,Garage,45.003086,-93.304558
St. Paul,55105,279900,3,1.75,1355,5227,99,Garage,44.934448,-93.175499
Minneapolis,55405,2895000,6,5.75,7436,14374,85,Garage,44.95879,-93.307182
Minneapolis,55405,549900,4,1.75,1945,5227,106,Garage,44.959061,-93.312729
Minneapolis,55418,385000,5,3.25,2568,20908,113,Garage,45.012432,-93.265694
Minneapolis,55405,485000,5,1.75,3422,5662,119,Garage,44.958714,-93.290199
St. Paul,55107,79000,2,1.25,1164,4791,128,Garage,44.925117,-93.075577
Minneapolis,55411,105000,4,2,1064,7840,108,Garage,45.004261,-93.289085
Minneapolis,55411,40000,3,1,1086,4356,103,Garage,45.003975,-93.311378
Minneapolis,55404,149900,4,2,1624,4356,114,Garage,44.958511,-93.255249
Minneapolis,55406,250000,3,1,1560,6534,106,Garage,44.95837,-93.223541
Minneapolis,55405,3750000,5,5,6500,39639,56,Garage,44.958099,-93.302704
Minneapolis,55405,995000,4,2.75,3119,7840,87,Garage,44.957294,-93.313454
Minneapolis,55404,160000,3,1.5,1878,6098,20,Garage,44.956982,-93.257103
Minneapolis,55411,119900,2,1,1369,6534,109,Garage,45.005322,-93.31369
Minneapolis,55404,239900,3,2.5,1694,4791,107,Garage,44.956963,-93.283363
Minneapolis,55405,1935000,5,3,5008,6534,85,Garage,44.957829,-93.312782
Minneapolis,55418,158000,2,1,1498,5227,102,Garage,45.01437,-93.237511
Minneapolis,55418,144900,3,1.25,1200,,114,Garage,45.014442,-93.252785
Minneapolis,55418,119900,2,1.5,671,5662,68,Garage,45.014572,-93.253975
Minneapolis,55405,1995000,3,2.75,5084,9147,98,Garage,44.956615,-93.312813
St. Paul,55116,299000,3,1.75,1899,8712,62,Garage,44.908173,-93.174927
St. Paul,55107,159990,3,1.5,1075,4356,103,Garage,44.924614,-93.074959
Minneapolis,55418,217500,3,1.75,1675,5227,92,Garage,45.015247,-93.23497
Minneapolis,55406,164900,2,1,1021,5227,106,Garage,44.954918,-93.220749
Minneapolis,55407,139900,3,1,1345,5662,106,Garage,44.954685,-93.254601
Minneapolis,55408,1995000,4,5,5866,7840,106,Garage,44.956608,-93.3032
Minneapolis,55418,214900,3,1.5,1344,6969,89,Garage,45.016132,-93.242653
St. Paul,55107,189900,3,1.75,1747,6969,108,Garage,44.928936,-93.073929
Minneapolis,55418,159900,2,1,1082,5227,68,Garage,45.016472,-93.229813
Minneapolis,55411,77000,5,1,1536,,100,Garage,45.007488,-93.293411
Minneapolis,55410,935000,4,3,2630,4356,1,Garage,44.924568,-93.31279
St. Paul,55107,159500,3,1.75,1248,4791,88,Garage,44.921539,-93.074249
Minneapolis,55418,169900,3,1,1580,4791,59,Garage,45.017147,-93.270401
Minneapolis,55416,848900,5,3.5,3602,6534,1,Garage,44.953175,-93.32639
Minneapolis,55410,229900,3,1.5,1410,5749,68,Garage,44.894096,-93.314636
Minneapolis,55411,135000,4,2,2992,4356,10,Garage,45.00806,-93.298276
Minneapolis,55407,139900,4,2.75,1721,4791,111,Garage,44.952663,-93.249527
Minneapolis,55406,475000,4,1.75,1925,5227,90,Garage,44.952461,-93.213135
Minneapolis,55406,159900,3,1,1086,5662,114,Garage,44.951519,-93.226059
Minneapolis,55412,63000,2,1,1374,5052,89,Garage,45.015198,-93.316231
Minneapolis,55418,239900,4,1.75,2216,5227,91,Garage,45.018993,-93.2342
Minneapolis,55410,794000,4,3,3091,5227,114,Garage,44.930225,-93.315216
Minneapolis,55407,134900,2,1,1082,4791,111,Garage,44.951515,-93.255913
Minneapolis,55411,19900,2,1,900,5227,103,Garage,45.009125,-93.306595
Minneapolis,55407,130000,2,1.5,2728,3484,114,Garage,44.951389,-93.254654
Minneapolis,55406,205000,3,0.75,1421,5227,108,Garage,44.951328,-93.218201
Minneapolis,55410,759900,5,3.5,3564,5227,1,Garage,44.90456,-93.315552
Minneapolis,55411,100000,3,1,1444,5227,56,Garage,45.009163,-93.298996
St. Paul,55103,69900,2,1,1337,4791,124,No Garage,44.956448,-93.111977
Minneapolis,55406,168700,2,1,984,4791,89,Garage,44.951237,-93.222023
Minneapolis,55406,875000,5,3,4500,17859,96,Garage,44.951519,-93.210213
Minneapolis,55406,199900,3,1.5,1549,,103,Garage,44.951008,-93.220016
Minneapolis,55411,145000,3,1,1575,5227,66,Garage,44.997311,-93.317169
Minneapolis,55406,174900,2,1,814,5227,89,Garage,44.950649,-93.214378
St. Paul,55105,379900,3,2.75,2246,4791,11,Garage,44.932919,-93.166077
St. Paul,55105,439900,3,1.5,2118,13068,57,Garage,44.932194,-93.142609
St. Paul,55102,51500,3,1,1419,6098,145,Garage,44.939312,-93.112396
Minneapolis,55406,199990,3,1.75,1266,5662,89,Garage,44.949921,-93.226677
Minneapolis,55411,99900,3,1,1490,4791,88,Garage,45.00988,-93.31295
Minneapolis,55418,104900,2,1,1005,3920,102,Garage,45.020714,-93.239929
Minneapolis,55416,545000,3,1.5,2003,6534,88,Garage,44.949421,-93.325867
Minneapolis,55410,289000,2,1,1358,2178,100,Garage,44.915913,-93.316833
Minneapolis,55411,58800,4,1,2460,4791,91,Garage,45.00996,-93.302254
Minneapolis,55416,525000,3,2.25,2920,12196,82,Garage,44.949806,-93.327118
Minneapolis,55411,165000,5,2.5,2200,6534,114,Garage,45.010025,-93.284454
Minneapolis,55411,57500,3,1,1271,4791,100,Garage,45.01009,-93.309135
Minneapolis,55411,63000,4,1,1522,4791,106,Garage,45.010216,-93.290161
Minneapolis,55406,284900,3,1.5,1560,5227,104,Garage,44.949318,-93.219467
St. Paul,55107,139990,2,1.75,1050,4791,90,Garage,44.923874,-93.098083
Minneapolis,55418,215000,4,2,1561,5227,73,Garage,45.02137,-93.231079
Minneapolis,55411,134900,5,2.5,1819,7405,125,Garage,45.010544,-93.295929
Minneapolis,55411,99900,3,1,1148,4791,87,Garage,45.010723,-93.301537
Minneapolis,55418,159900,2,1,944,5227,82,Garage,45.022026,-93.231079
Minneapolis,55411,125000,4,3,2174,7840,123,Garage,45.011108,-93.292686
St. Paul,55103,149900,5,1.75,1791,3920,126,Garage,44.960278,-93.112579
Minneapolis,55418,104900,3,2,1388,5227,93,Garage,45.022533,-93.269981
Minneapolis,55408,484900,4,2,1961,6098,114,Garage,44.947693,-93.303032
St. Paul,55107,159900,3,1.75,1492,5227,33,Garage,44.923698,-93.072784
Minneapolis,55407,229900,5,3.25,3676,4791,114,Garage,44.947643,-93.264793
Minneapolis,55406,109900,2,1.25,1066,5662,101,Garage,44.947525,-93.223946
Minneapolis,55411,68000,2,1,996,5227,100,Garage,45.012253,-93.30661
Minneapolis,55411,89900,2,1.5,1610,5227,114,Garage,45.012249,-93.306061
St. Paul,55106,94900,3,1,1056,5227,63,No Garage,44.950584,-93.035042
Minneapolis,55418,124900,2,1,1000,4356,87,Garage,45.023315,-93.246414
Minneapolis,55418,335000,4,2,2257,5662,87,Garage,45.023701,-93.238029
Minneapolis,55418,259900,3,2.5,1836,9583,73,Garage,45.023869,-93.231621
Minneapolis,55406,160000,2,1,992,6534,92,Garage,44.946503,-93.209663
Minneapolis,55406,224900,4,1.5,1260,6534,98,Garage,44.946362,-93.212341
Minneapolis,55406,164500,2,1,860,5227,105,Garage,44.946323,-93.216919
Minneapolis,55407,124900,2,1,1040,4791,114,Garage,44.946156,-93.263039
Minneapolis,55418,199000,5,2,2144,4791,34,Garage,45.024487,-93.246925
Minneapolis,55406,235900,3,1,1344,6534,89,Garage,44.946232,-93.209663
Minneapolis,55411,39959,4,1.5,2480,5227,105,Garage,45.012665,-93.298477
Minneapolis,55411,25450,3,1.75,1762,3484,114,Garage,45.005005,-93.284035
Minneapolis,55417,199900,3,1,1221,5227,89,Garage,44.912312,-93.2257
Minneapolis,55418,219900,3,1.75,1272,4791,66,Garage,45.025356,-93.227257
Minneapolis,55418,195000,3,1,1512,5227,64,Garage,45.025303,-93.23674
Minneapolis,55407,169900,3,1,1198,3484,114,Garage,44.945126,-93.253418
Minneapolis,55407,210000,3,1.5,1465,5662,101,Garage,44.945045,-93.240211
Minneapolis,55406,215000,3,1.5,1716,,94,Garage,44.945229,-93.213638
Minneapolis,55406,219900,2,1,1003,3484,75,Garage,44.945229,-93.208435
St. Paul,55106,184900,3,1,1020,10890,10,Garage,44.950218,-93.041665
Minneapolis,55408,389900,5,3.25,2170,5227,106,Garage,44.94445,-93.28907
Minneapolis,55418,119000,2,1,1109,,64,Garage,45.026104,-93.23748
Minneapolis,55412,72000,4,1,1812,5662,106,Garage,45.013695,-93.296478
Minneapolis,55418,164900,3,1,1116,5227,63,Garage,45.02631,-93.236732
Minneapolis,55412,69900,3,1,1198,4791,92,Garage,45.013798,-93.293411
Minneapolis,55408,895000,4,2.75,2562,11761,107,Garage,44.943996,-93.303368
Minneapolis,55412,71900,2,1,744,,98,Garage,45.013905,-93.290176
Minneapolis,55418,174900,2,1,1307,4791,64,Garage,,
Minneapolis,55412,89900,3,1,1134,5227,61,Garage,45.014034,-93.303551
Minneapolis,55406,214900,3,2,1344,4356,98,Garage,44.944164,-93.207932
Minneapolis,55412,88372,2,1,730,4791,96,Garage,45.014137,-93.312408
Minneapolis,55412,35000,1,1,768,4791,101,Garage,45.014343,-93.306076
Minneapolis,55412,65000,2,1,986,5227,88,Garage,45.014397,-93.314247
Minneapolis,55406,149900,3,1,1843,6969,96,Garage,44.943542,-93.228867
Minneapolis,55406,169900,2,1,824,4791,89,Garage,44.943726,-93.214928
Minneapolis,55412,84900,3,1.5,1756,5227,84,Garage,45.01458,-93.312408
Minneapolis,55412,48500,1,1,833,5662,94,Garage,45.014652,-93.291428
Minneapolis,55418,175000,3,1,997,5227,92,Garage,45.027542,-93.234184
Minneapolis,55408,150900,3,2.5,1456,5662,35,Garage,44.94302,-93.269867
Minneapolis,55412,64900,3,1,1350,6098,86,Garage,45.015152,-93.302277
Minneapolis,55406,139900,3,1,1460,4356,90,Garage,44.942924,-93.224007
Minneapolis,55417,174900,4,2.75,1760,4791,73,Garage,44.908764,-93.223701
Minneapolis,55412,104900,3,2,1252,6534,92,Garage,45.015465,-93.292152
St. Paul,55102,119900,5,2,1355,6534,127,No Garage,44.933987,-93.113647
Minneapolis,55418,179900,2,1.5,1140,7840,62,Garage,45.028439,-93.232262
Minneapolis,55412,89900,2,1,1094,5227,91,Garage,45.015713,-93.299019
Minneapolis,55412,149900,3,2,2006,5227,102,Garage,45.015743,-93.304092
Minneapolis,55412,96900,4,1.75,1679,5227,67,Garage,45.015839,-93.311691
Minneapolis,55412,89900,2,1,1187,5227,119,Garage,45.015793,-93.289635
Minneapolis,55408,339000,3,1,1680,5227,114,Garage,44.942142,-93.301247
Minneapolis,55412,125000,2,1,1372,5227,90,Garage,45.015953,-93.314247
Minneapolis,55412,109900,3,2,1632,5662,84,Garage,45.01606,-93.299019
Minneapolis,55412,75000,3,1,1132,7405,101,Garage,45.01614,-93.286057
Minneapolis,55412,69500,2,1,1564,,66,Garage,45.016319,-93.304092
Minneapolis,55408,749000,5,3.25,2879,4791,104,Garage,44.941494,-93.299973
Minneapolis,55412,99900,3,1.25,1442,5662,97,Garage,45.01643,-93.290901
Minneapolis,55412,122000,3,1,1346,5662,81,Garage,45.016613,-93.297745
Minneapolis,55418,224900,4,2,1915,10454,68,Garage,45.029263,-93.239311
Minneapolis,55418,158900,3,1.75,2300,5227,49,Garage,45.029285,-93.245148
St. Paul,55105,389900,4,2.25,2018,6098,19,Garage,44.931324,-93.164841
St. Paul,55105,2990000,4,4,6293,34848,89,Garage,44.935539,-93.126999
Minneapolis,55406,99900,3,1,1134,5662,112,Garage,44.941032,-93.231148
Minneapolis,55406,399900,3,3,2888,3920,108,Garage,44.959381,-93.222046
Minneapolis,55408,299900,3,1.5,1402,5227,110,Garage,44.940964,-93.287231
Minneapolis,55407,76900,2,1,1125,6098,114,Garage,44.94091,-93.246986
Minneapolis,55412,79900,4,1,1280,4791,105,Garage,45.017178,-93.302811
Minneapolis,55418,234900,3,1.75,1841,6534,53,Garage,45.029888,-93.230478
Minneapolis,55412,57900,2,1,550,5662,89,Garage,45.017239,-93.309891
Minneapolis,55407,205000,3,2.25,1651,5662,1,Garage,44.940784,-93.264191
Minneapolis,55412,80000,3,1,1240,4791,88,Garage,45.017391,-93.302818
Minneapolis,55412,84900,3,1,1234,5227,89,Garage,45.017368,-93.299736
Minneapolis,55412,79900,3,1.75,1325,4791,93,Garage,45.017628,-93.306084
Minneapolis,55412,124900,3,1.75,1254,5227,121,Garage,45.0177,-93.30027
Minneapolis,55406,135000,2,0.75,750,4791,102,Garage,44.940208,-93.215668
Minneapolis,55407,184900,4,2,1594,4791,108,No Garage,44.940292,-93.260941
Minneapolis,55412,94900,4,1.75,1326,5227,90,Garage,45.017899,-93.313705
Minneapolis,55418,239900,3,1.75,1736,8276,64,Garage,45.030777,-93.227814
Minneapolis,55407,175000,3,2.25,1828,5662,104,Garage,44.939941,-93.249504
Minneapolis,55412,64900,5,1,1320,5662,102,Garage,45.017998,-93.293961
Minneapolis,55412,119900,2,1,786,4791,74,Garage,45.018089,-93.311165
Minneapolis,55412,128900,3,1.75,1200,5227,88,Garage,45.018135,-93.300262
Minneapolis,55408,159786,3,1.75,1480,5227,102,Garage,44.9398,-93.273132
Minneapolis,55408,239900,2,1,1037,6969,105,Garage,44.939865,-93.281868
Minneapolis,55406,149000,2,1,752,6098,99,Garage,44.9398,-93.225296
Minneapolis,55412,109900,3,1.75,1358,,91,Garage,45.018265,-93.305359
Minneapolis,55412,145000,4,1.75,1921,4791,105,Garage,45.018284,-93.307899
Minneapolis,55412,79900,3,1.75,1793,5227,75,Garage,45.018524,-93.311722
Minneapolis,55418,239900,4,1,1900,9583,62,Garage,45.031948,-93.231999
St. Paul,55107,74900,2,1.25,1123,4791,125,Garage,44.929062,-93.083443
St. Paul,55105,349900,3,2,1578,4791,99,Garage,44.930984,-93.165375
Minneapolis,55412,77900,3,1.75,1298,5227,100,Garage,45.018749,-93.302811
Minneapolis,55407,154900,3,1,1378,6534,111,Garage,44.939388,-93.245712
Minneapolis,55412,92500,4,1.75,1924,4791,91,Garage,45.018646,-93.288391
Minneapolis,55416,1250000,4,3,4570,10890,85,Garage,44.939522,-93.321236
Minneapolis,55412,79900,4,1.5,1292,4356,92,Garage,45.018829,-93.297211
Minneapolis,55408,224900,3,2,2110,5662,114,Garage,44.939159,-93.276253
Minneapolis,55406,162900,2,1,868,5227,98,Garage,44.939323,-93.211105
Minneapolis,55406,225000,3,2,1344,7840,111,Garage,44.939156,-93.214928
Minneapolis,55412,54900,3,1.5,1207,5662,97,Garage,45.018921,-93.28965
Minneapolis,55406,195000,3,1,1345,4791,85,Garage,44.939049,-93.217491
Minneapolis,55412,69900,3,1,1128,5227,100,Garage,45.019058,-93.299728
Minneapolis,55412,109900,3,1,1072,5227,88,No Garage,45.019337,-93.309189
Minneapolis,55416,1895000,4,3.75,6330,17424,3,Garage,44.957077,-93.328606
Minneapolis,55412,150000,2,1.75,1961,5662,77,Garage,45.01936,-93.318047
Minneapolis,55418,171900,2,1,1004,6098,63,Garage,45.031955,-93.230482
Minneapolis,55406,194900,3,1,1836,5227,101,Garage,44.93874,-93.234291
Minneapolis,55412,84900,3,1,1604,4791,99,Garage,45.01939,-93.300995
St. Paul,55130,113900,4,2,1660,4791,130,Garage,44.973076,-93.085403
Minneapolis,55416,274900,2,1.75,930,4791,66,Garage,44.951183,-93.324776
Minneapolis,55412,65000,2,1,1200,5662,98,Garage,45.019672,-93.290916
Minneapolis,55418,189900,3,1.25,1549,,65,Garage,45.032471,-93.243111
Minneapolis,55406,223900,4,2,1904,6098,104,Garage,44.938416,-93.227539
Minneapolis,55408,302000,3,1.75,1804,5227,98,Garage,44.938213,-93.285248
Minneapolis,55418,224900,4,1.75,1852,6098,58,Garage,45.03281,-93.241837
Minneapolis,55412,179900,3,1.75,1914,6098,89,Garage,45.020073,-93.316246
Minneapolis,55412,69900,2,1.5,1264,5227,88,Garage,45.019947,-93.302811
Minneapolis,55408,419000,3,2,1495,5662,60,Garage,44.937969,-93.299271
Minneapolis,55418,215900,4,1.75,2384,6534,29,Garage,45.032902,-93.229851
Minneapolis,55412,90000,3,1,1847,5227,73,Garage,45.020077,-93.305367
Minneapolis,55412,32500,2,2,858,6534,101,Garage,45.019955,-93.285408
Minneapolis,55412,64000,3,1,1794,,67,Garage,45.020084,-93.306099
Minneapolis,55418,205000,4,1.75,1796,23958,58,Garage,45.033161,-93.2575
Minneapolis,55406,109000,1,1,1122,5227,94,Garage,44.938129,-93.211113
Minneapolis,55408,87900,2,1,1150,7840,114,Garage,44.937962,-93.269806
Minneapolis,55412,129900,3,2,1540,8276,90,Garage,45.020283,-93.309898
Minneapolis,55418,164900,3,1.75,1430,5227,88,Garage,45.032928,-93.240562
Minneapolis,55412,134900,3,1.75,1662,4356,38,Garage,45.020332,-93.313705
Minneapolis,55418,143900,2,1,1152,6534,64,Garage,45.033108,-93.243843
St. Paul,55102,449000,3,3.5,2588,5662,15,Garage,44.941654,-93.115059
St. Paul,55104,279900,4,1.5,2568,3049,107,No Garage,44.952145,-93.187653
Minneapolis,55409,199900,3,1,1092,3484,97,No Garage,44.937473,-93.286636
Minneapolis,55417,229000,4,1.75,1435,5227,105,Garage,44.912755,-93.219996
Minneapolis,55407,189900,3,1.75,1806,4791,57,Garage,44.937416,-93.248268
Minneapolis,55406,184900,2,1,850,5227,89,Garage,44.937428,-93.220047
Minneapolis,55418,234900,4,1.75,1612,6098,48,Garage,45.033901,-93.228569
Minneapolis,55418,129900,2,1,1004,6534,33,Garage,45.034046,-93.227318
Minneapolis,55412,79900,3,1,1279,4791,98,Garage,45.020844,-93.297195
Minneapolis,55407,129900,3,2.25,2302,5227,108,Garage,44.937149,-93.262909
St. Paul,55101,34900,2,1,907,3571,105,No Garage,44.97076,-93.085213
Minneapolis,55406,269900,3,1,1469,5662,85,Garage,44.937168,-93.210571
Minneapolis,55407,229900,4,3,2312,4356,100,Garage,44.93697,-93.267166
St. Paul,55107,75000,2,1,640,4791,58,Garage,44.924202,-93.070099
Minneapolis,55412,134900,3,1,1295,5227,86,Garage,45.021439,-93.311188
Minneapolis,55412,145000,3,1.5,1592,,87,Garage,45.021412,-93.297729
Minneapolis,55412,139900,3,1,1380,5662,69,Garage,45.021553,-93.315544
Minneapolis,55418,149900,3,1,1292,5227,72,Garage,45.034411,-93.264902
Minneapolis,55412,130000,3,1,1330,5227,75,Garage,45.021553,-93.309914
Minneapolis,55412,112500,3,1,1525,5227,129,Garage,45.021675,-93.312996
Minneapolis,55412,89900,3,1,1036,4791,106,Garage,45.021603,-93.296486
Minneapolis,55418,169900,4,1.5,1470,5227,56,Garage,45.034935,-93.267296
Minneapolis,55406,159900,2,1.75,1095,5662,94,Garage,44.936272,-93.220039
Minneapolis,55412,78000,3,1.5,1580,6098,99,Garage,45.021851,-93.306099
St. Paul,55107,50000,3,2,1080,4791,116,Garage,44.923306,-93.070122
St. Paul,55106,59900,4,1.5,1922,3484,114,No Garage,44.957249,-93.070892
Minneapolis,55406,189900,4,1.5,1344,8276,109,Garage,44.935703,-93.225563
Minneapolis,55407,135900,3,1.5,1420,8712,104,Garage,44.935768,-93.265465
Minneapolis,55406,596370,4,3.25,2681,3920,2,Garage,44.917683,-93.218826
Minneapolis,55406,139900,1,1.5,830,,98,Garage,44.935509,-93.222023
St. Paul,55130,150000,4,1,1842,4791,104,Garage,44.973083,-93.084801
Minneapolis,55410,949900,4,3.5,3625,6098,35,Garage,44.934601,-93.316811
Minneapolis,55412,58000,3,1,1119,4791,91,Garage,45.022694,-93.303574
St. Paul,55130,119900,3,1.5,1504,3484,130,No Garage,44.972641,-93.08474
Minneapolis,55407,99900,1,1,764,6098,98,Garage,44.935104,-93.257057
Minneapolis,55410,824110,4,3,3298,7840,0,Garage,44.932201,-93.327393
Minneapolis,55407,189900,3,1.5,1392,,98,Garage,44.935104,-93.26664
Minneapolis,55412,94900,3,1,1080,7840,64,Garage,45.023079,-93.286095
Minneapolis,55412,154900,4,1.75,2190,5227,83,Garage,45.023071,-93.312492
Minneapolis,55412,78000,2,1,966,5227,94,Garage,45.023071,-93.313766
Minneapolis,55407,189995,2,1,1256,4791,96,Garage,44.934826,-93.259064
Minneapolis,55406,479000,4,1.75,2277,4791,74,Garage,44.934689,-93.206757
Minneapolis,55410,1789411,3,2.75,2855,3920,1,Garage,44.934776,-93.31562
Minneapolis,55412,69000,2,1,1060,5227,89,Garage,45.023945,-93.314339
Minneapolis,55410,1695000,4,4,5581,15245,85,Garage,44.934788,-93.314468
Minneapolis,55406,182900,2,1.75,2258,5662,89,Garage,44.934128,-93.211838
Minneapolis,55410,650000,4,3.5,3024,,68,Garage,44.909157,-93.328186
Minneapolis,55412,129900,5,2,2012,,92,Garage,45.024178,-93.287628
Minneapolis,55406,164500,2,1,899,5227,114,Garage,44.933861,-93.217514
St. Paul,55130,189900,4,3,1768,3920,105,Garage,44.972153,-93.084404
Minneapolis,55412,189900,3,1,1682,5227,85,Garage,45.024467,-93.314346
Minneapolis,55407,140000,2,1.5,1366,5227,93,Garage,44.93364,-93.238808
Minneapolis,55406,95000,2,1,1396,5662,107,Garage,44.933567,-93.225761
Minneapolis,55406,108000,2,1,1289,4791,99,Garage,44.93362,-93.231735
Minneapolis,55407,229900,3,1.75,2095,6098,100,Garage,44.933697,-93.264091
Minneapolis,55406,159777,3,1,1144,5227,96,Garage,44.933632,-93.234299
Minneapolis,55412,48900,3,1.75,1618,4791,62,Garage,45.024677,-93.295967
Minneapolis,55410,841100,4,3.25,2894,5662,0,Garage,44.93362,-93.318602
Minneapolis,55410,665000,4,1.75,2628,10454,60,Garage,44.933239,-93.31971
Minneapolis,55412,44900,2,1.75,1728,4791,90,Garage,45.024742,-93.288963
Minneapolis,55412,93408,2,0.75,672,5227,92,Garage,45.02494,-93.314354
Minneapolis,55407,114900,1,1,632,5227,97,Garage,44.93314,-93.240082
Minneapolis,55412,89900,3,1.5,1812,5227,98,Garage,45.024994,-93.294724
Minneapolis,55407,137900,2,1.75,1776,4791,109,Garage,44.932972,-93.266624
Minneapolis,55409,379900,3,1.75,2100,5227,104,Garage,44.932838,-93.286018
Minneapolis,55407,114900,2,1,960,5662,103,Garage,44.932705,-93.249481
Minneapolis,55412,79900,3,1,1404,4791,95,Garage,45.025185,-93.288963
Minneapolis,55412,99900,2,1,1000,5227,104,Garage,45.025314,-93.293999
Minneapolis,55410,950000,4,4,4141,7840,59,Garage,44.932465,-93.319191
Minneapolis,55406,169900,2,1,1065,4791,89,Garage,44.932652,-93.236801
Minneapolis,55409,329900,4,1,1654,5227,104,Garage,44.932636,-93.285286
Minneapolis,55407,249900,3,2,1909,4791,89,Garage,44.932537,-93.243172
Minneapolis,55409,249900,4,1.75,2456,5227,103,No Garage,44.932529,-93.285286
Minneapolis,55412,76000,3,1,1200,5227,75,Garage,45.025631,-93.310555
Minneapolis,55410,1295000,4,4.75,4056,8712,87,Garage,44.932133,-93.319199
Minneapolis,55407,169900,3,2,1930,4791,100,No Garage,44.932064,-93.246941
Minneapolis,55407,106900,2,1,1237,4791,95,No Garage,44.932102,-93.265938
Minneapolis,55412,89900,3,1,1010,5662,97,Garage,45.026051,-93.296547
Minneapolis,55406,193000,3,1,1407,5227,37,Garage,44.932102,-93.214943
Minneapolis,55410,849900,4,3.25,3689,5227,0,Garage,44.932026,-93.327556
Minneapolis,55410,1250000,5,4,4846,7840,1,Garage,44.931889,-93.326111
Minneapolis,55406,89900,3,1.5,784,6098,100,Garage,44.931702,-93.224396
Minneapolis,55410,849900,4,3.25,3689,5227,0,Garage,44.93187,-93.327393
Minneapolis,55407,139900,2,1.25,1272,4791,101,Garage,44.931515,-93.243164
Minneapolis,55412,80000,3,1,1295,4791,97,Garage,45.026588,-93.294029
Minneapolis,55410,1050000,5,3.25,3612,5227,0,Garage,44.931473,-93.326843
Minneapolis,55412,89900,2,1,1233,5227,90,Garage,45.02681,-93.310028
Minneapolis,55410,999000,5,3.25,3517,4791,1,Garage,44.931313,-93.326851
Minneapolis,55407,226000,5,2,1672,,103,Garage,44.931286,-93.266617
Minneapolis,55410,899900,5,3.25,3467,4791,1,Garage,44.931695,-93.326672
Minneapolis,55412,99900,3,0.75,1008,5227,90,Garage,45.027035,-93.315132
Minneapolis,55412,54500,3,1,1304,,86,Garage,45.027008,-93.291512
Minneapolis,55412,120000,3,1,1450,4791,92,Garage,45.027138,-93.295311
Minneapolis,55406,169900,2,1,932,4791,99,Garage,44.931061,-93.208015
Minneapolis,55412,135000,2,1.75,1320,5227,91,Garage,45.027363,-93.312592
Minneapolis,55412,154900,3,1,1135,,89,Garage,45.027466,-93.310036
Minneapolis,55407,224900,2,1,1250,4356,99,Garage,44.930668,-93.238106
Minneapolis,55406,148800,2,1,668,,87,Garage,44.930832,-93.208549
St. Paul,55119,195000,3,1.75,1996,7840,47,Garage,44.944675,-93.023735
Minneapolis,55412,115000,4,1.5,1769,6969,20,Garage,45.02774,-93.29026
Minneapolis,55406,129900,2,1,690,5227,99,Garage,44.930248,-93.227943
Minneapolis,55407,185000,3,1.75,1868,5227,102,Garage,44.930202,-93.247719
Minneapolis,55410,1199900,5,3.5,4434,6534,0,Garage,44.930218,-93.324837
Minneapolis,55406,199900,3,1,1168,5227,94,Garage,44.929806,-93.233765
Minneapolis,55409,875000,5,3.5,3303,5662,9,Garage,44.929779,-93.29171
Minneapolis,55412,119900,4,2,1400,5662,7,Garage,45.02811,-93.298061
Minneapolis,55406,179900,3,1.5,1258,5227,112,Garage,44.929783,-93.219498
Minneapolis,55406,167500,3,1.75,1072,4791,88,Garage,44.929596,-93.236809
Minneapolis,55407,139900,2,1,952,4791,99,Garage,44.929634,-93.2621
Minneapolis,55412,124900,3,1,1176,5227,88,Garage,45.028839,-93.313171
Minneapolis,55407,205900,2,1,1400,4791,72,Garage,44.92915,-93.245697
Minneapolis,55406,425000,5,3.5,3456,5227,1,Garage,44.929043,-93.215668
Minneapolis,55407,187500,3,1.5,1620,3484,50,Garage,44.928791,-93.248337
St. Paul,55104,169900,4,1.75,1717,,95,Garage,44.95343,-93.174278
St. Paul,55119,205000,5,2.25,1852,9147,49,Garage,44.939888,-93.00914
St. Paul,55107,125000,4,1.5,1320,3920,114,Garage,44.926365,-93.102654
Minneapolis,55407,230000,2,1,1453,6098,78,Garage,44.92849,-93.249458
Minneapolis,55407,179900,3,1,1203,6098,87,Garage,44.928307,-93.255829
St. Paul,55105,559900,5,3.25,3209,,1,Garage,44.92907,-93.1623
Minneapolis,55406,184900,2,2,1420,5227,103,Garage,44.928329,-93.217506
Minneapolis,55412,159900,3,1.75,1505,5227,90,Garage,45.029854,-93.313942
Minneapolis,55410,2100000,4,4,4514,12196,1,Garage,44.928116,-93.31015
St. Paul,55107,179900,2,1.5,1220,7405,105,Garage,44.933514,-93.089203
Minneapolis,55406,139900,2,0.75,833,5227,102,Garage,44.927692,-93.214401
Minneapolis,55412,164900,3,1.5,1676,4791,64,Garage,45.030525,-93.313202
Minneapolis,55406,159900,1,1,750,4791,105,Garage,44.927593,-93.213127
St. Paul,55107,147567,3,1,1344,7840,89,Garage,44.926289,-93.102859
Minneapolis,55407,220000,4,2,2736,4791,99,Garage,,
Minneapolis,55407,179900,2,1,1022,4791,100,Garage,44.927486,-93.238113
Minneapolis,55407,224900,3,1.75,1980,5227,105,Garage,44.927219,-93.248932
Minneapolis,55407,245000,3,1.75,1482,4791,100,Garage,44.927109,-93.24894
Minneapolis,55406,349500,4,2.25,1916,7405,53,Garage,44.92728,-93.205803
Minneapolis,55416,3775000,4,4.5,5670,15245,14,Garage,44.954094,-93.319405
Minneapolis,55412,75000,4,2,2163,6534,110,Garage,45.031807,-93.291573
Minneapolis,55409,1399900,4,4,4368,13068,86,Garage,44.926483,-93.29586
Minneapolis,55406,349900,3,2.25,1800,5662,1,Garage,44.926529,-93.226044
Minneapolis,55407,174900,3,2,1586,6098,59,Garage,44.926426,-93.250763
Minneapolis,55409,309900,4,2.25,2047,5227,108,Garage,44.926384,-93.280891
Minneapolis,55406,299900,4,2,1653,5662,18,Garage,44.92643,-93.225288
Minneapolis,55407,237000,3,1.75,1621,5227,90,Garage,44.926437,-93.257851
Minneapolis,55412,159000,3,2.25,1970,6534,85,Garage,45.031742,-93.29921
Minneapolis,55412,105000,3,1,1042,6098,91,Garage,45.032375,-93.297943
Minneapolis,55407,228420,3,2.5,1578,4791,91,Garage,44.926136,-93.245689
Minneapolis,55412,184900,3,2,1922,6534,82,Garage,45.032288,-93.316528
Minneapolis,55407,189900,3,1.5,1620,6098,61,Garage,44.92561,-93.250237
Minneapolis,55412,99900,2,1,1100,4791,91,Garage,45.032719,-93.297958
Minneapolis,55412,154900,3,1.75,2164,6098,88,Garage,45.0327,-93.314537
Minneapolis,55409,233900,2,1,1306,5227,99,Garage,44.925518,-93.279587
Minneapolis,55412,120000,5,1,2060,4791,86,Garage,45.032669,-93.312691
Minneapolis,55409,1675000,4,4.25,6279,14374,97,Garage,44.925224,-93.293938
Minneapolis,55407,359900,4,2.5,1624,4791,0,Garage,44.925419,-93.266663
St. Paul,55119,164900,3,1,1532,7405,57,Garage,44.954025,-93.007446
Minneapolis,55406,359000,3,2.25,1956,4791,0,Garage,44.924938,-93.231735
Minneapolis,55409,995000,6,4.25,5401,10890,92,Garage,44.924847,-93.294601
Minneapolis,55407,193500,2,1,950,4356,102,Garage,44.9249,-93.256554
Minneapolis,55409,399900,3,2.5,2000,4791,1,Garage,44.924839,-93.275719
Minneapolis,55413,299900,4,2,2485,5662,112,Garage,44.995556,-93.258278
St. Paul,55107,63000,4,2,1469,4791,127,Garage,44.925083,-93.067413
Minneapolis,55412,104900,2,1,1002,4791,89,Garage,45.033886,-93.313263
Minneapolis,55406,274900,5,2.25,2292,5662,59,Garage,44.924606,-93.210571
Minneapolis,55409,1450000,4,2.75,3740,15245,58,Garage,44.924053,-93.295921
Minneapolis,55409,99900,2,1,835,5227,91,Garage,44.924351,-93.269272
Minneapolis,55407,359900,4,2.5,1624,5662,0,Garage,44.924171,-93.260376
Minneapolis,55412,89900,3,1,1455,5662,91,Garage,45.034271,-93.303787
Minneapolis,55407,279900,4,1.5,2860,4791,82,Garage,44.924122,-93.266685
Minneapolis,55409,137500,3,1,1383,4791,88,Garage,44.924026,-93.268555
Minneapolis,55407,199900,3,2,1350,4356,99,Garage,44.923805,-93.255295
Minneapolis,55409,1195000,5,4.75,4921,,84,Garage,44.923386,-93.293945
Minneapolis,55406,179900,2,1.5,1016,5227,99,Garage,44.923733,-93.228668
Minneapolis,55406,318500,4,2.75,2880,5227,11,Garage,44.923397,-93.227959
Minneapolis,55412,135000,3,1,1412,5227,67,Garage,45.03508,-93.310188
St. Paul,55103,67000,4,1,1248,4791,119,Garage,44.962708,-93.118477
St. Paul,55107,169900,3,1.25,1496,4791,13,Garage,44.926327,-93.103859
Minneapolis,55407,350000,4,3,1690,,84,Garage,44.923183,-93.24823
Minneapolis,55419,229000,3,1.5,1046,5227,114,Garage,44.922901,-93.282906
Minneapolis,55406,424900,3,2.5,1948,5227,1,Garage,44.922916,-93.211838
Minneapolis,55419,195000,1,1,900,5662,104,Garage,44.922619,-93.285355
Minneapolis,55419,1695000,7,4,6499,16117,99,Garage,44.922359,-93.294662
Minneapolis,55412,90000,2,2,1039,3920,114,Garage,45.036114,-93.3013
Minneapolis,55406,157700,2,1,1250,4791,97,Garage,44.922588,-93.212379
Minneapolis,55419,1495000,4,3.75,4973,16552,109,Garage,44.92181,-93.294716
Minneapolis,55412,119000,3,1,1280,4791,89,Garage,45.036491,-93.312027
Minneapolis,55406,254900,5,3,2640,6969,74,Garage,44.922264,-93.214409
Minneapolis,55406,189900,3,1.75,1489,5227,93,Garage,44.922153,-93.212379
Minneapolis,55413,225000,2,1.75,1548,5227,40,Garage,44.994751,-93.254074
Minneapolis,55410,839900,5,3.25,3574,5662,1,Garage,44.921253,-93.323616
Minneapolis,55419,194000,4,1,1213,5227,64,Garage,44.921272,-93.271141
Minneapolis,55410,799000,5,3,3225,5227,1,Garage,44.921124,-93.326241
Minneapolis,55410,1179000,5,3.25,4330,6534,0,Garage,44.920986,-93.32692
Minneapolis,55419,179900,3,1.75,1409,5227,90,Garage,44.921165,-93.269852
Minneapolis,55412,194900,3,1.75,1790,6969,66,Garage,45.037888,-93.315109
Minneapolis,55406,165000,2,1,1100,,98,Garage,44.921104,-93.211113
Minneapolis,55410,839900,4,3.25,3475,5227,1,Garage,44.920712,-93.325829
St. Paul,55104,159900,3,1,1216,,93,Garage,44.954853,-93.175568
Minneapolis,55412,159900,4,1.75,2000,6534,65,Garage,45.038383,-93.318909
Minneapolis,55412,89900,2,1,780,5009,114,Garage,45.037506,-93.289215
Minneapolis,55412,145000,3,1,1516,,64,Garage,45.038525,-93.313919
Minneapolis,55419,1400000,4,3.25,4181,16988,89,Garage,44.920345,-93.295059
Minneapolis,55406,105900,3,2,1408,6098,100,Garage,44.920139,-93.216293
St. Paul,55119,99000,3,1,2330,8712,92,Garage,44.955227,-93.015526
Minneapolis,55412,66900,2,1,1400,4791,85,Garage,45.038704,-93.312065
Minneapolis,55410,349000,2,1.5,1715,5662,106,Garage,44.919327,-93.320534
Minneapolis,55412,156900,3,1,1521,5227,67,Garage,45.03878,-93.313332
Minneapolis,55412,143900,3,1.25,1794,5227,66,Garage,45.039028,-93.312065
Minneapolis,55412,89900,3,1,1706,5227,90,Garage,45.039162,-93.294342
Minneapolis,55419,279900,3,1.5,1608,4356,104,Garage,44.918522,-93.287895
Minneapolis,55407,249900,3,1,1154,5227,93,Garage,44.917427,-93.250778
Minneapolis,55407,229900,3,2,1658,5227,99,Garage,44.917442,-93.263542
Minneapolis,55430,174900,3,1.5,1642,6098,63,Garage,45.040882,-93.318985
Minneapolis,55419,575900,5,3.5,3564,4791,6,Garage,44.917027,-93.286064
Minneapolis,55410,595000,3,2.25,2416,5662,89,Garage,44.917099,-93.328186
Minneapolis,55430,174900,3,1,1402,6098,63,Garage,45.041157,-93.318993
Minneapolis,55430,119900,4,1.5,1129,4791,88,Garage,45.041199,-93.29361
Minneapolis,55407,429900,3,3,2324,4791,0,Garage,44.916889,-93.26815
Minneapolis,55410,835000,5,3.5,3853,5227,1,Garage,44.916721,-93.320511
Minneapolis,55410,690000,4,2.25,2404,3920,89,Garage,44.91663,-93.325768
Minneapolis,55407,239900,4,1,2390,5227,93,Garage,44.916553,-93.2528
Minneapolis,55407,179900,2,1,828,4791,97,Garage,44.916454,-93.263557
St. Paul,55103,119000,3,1,1011,6098,139,Garage,44.956409,-93.1203
Minneapolis,55410,4650000,5,5.5,8655,16117,82,Garage,44.915871,-93.31192
Minneapolis,55430,39000,2,1.5,1180,5662,64,Garage,45.043152,-93.288506
Minneapolis,55417,184900,2,1,1146,6534,99,Garage,44.914696,-93.228004
Minneapolis,55419,189000,2,1,1174,5227,93,Garage,44.914818,-93.273247
Minneapolis,55430,129900,2,1,1044,4791,73,Garage,45.043331,-93.293098
Minneapolis,55410,2795000,4,4.75,4939,21344,84,Garage,44.915676,-93.310974
Minneapolis,55430,99900,2,1,1248,4791,84,Garage,45.043655,-93.29052
Minneapolis,55430,39900,2,1,1390,4791,105,Garage,45.043766,-93.287292
St. Paul,55116,424900,3,1.5,1916,5662,88,Garage,44.926739,-93.193916
St. Paul,55116,379900,4,2,1025,5662,88,Garage,44.926739,-93.193275
Minneapolis,55419,1495000,5,4.5,4646,23522,107,Garage,44.915001,-93.307915
St. Paul,55107,165000,4,2.5,2104,6534,63,Garage,44.920753,-93.082924
Minneapolis,55419,799900,4,2.5,4177,10454,59,Garage,44.913956,-93.301392
Minneapolis,55430,147900,3,1.75,1638,6534,57,Garage,45.044121,-93.317802
Minneapolis,55430,110000,3,1,1068,6534,63,Garage,45.044212,-93.289795
Minneapolis,55417,239500,3,1.75,1251,,89,Garage,44.914146,-93.223862
Minneapolis,55417,339000,3,2.25,2060,5227,55,Garage,44.913937,-93.263565
Minneapolis,55419,399988,5,2.75,2592,6098,62,Garage,44.913631,-93.270691
Minneapolis,55419,252500,3,2,1700,6098,92,Garage,44.913521,-93.277626
Minneapolis,55419,869000,4,4.25,3519,6098,90,Garage,44.91328,-93.289917
Minneapolis,55430,89900,2,1,700,9583,67,Garage,45.04538,-93.314713
Minneapolis,55410,868900,5,3.25,3650,5227,0,Garage,44.913296,-93.321762
Minneapolis,55410,259900,2,1.5,1853,5662,55,Garage,44.913254,-93.312141
Minneapolis,55430,124900,2,1,1200,6098,59,Garage,45.045341,-93.313438
St. Paul,55104,269000,3,2,1524,9583,57,Garage,44.956184,-93.206543
Minneapolis,55430,124900,3,1.75,1460,7840,59,Garage,45.045387,-93.309624
Minneapolis,55430,112900,3,1,1460,5793,68,Garage,45.045578,-93.2911
Minneapolis,55419,750000,5,4.5,4158,,89,Garage,44.912621,-93.276382
St. Paul,55130,139900,3,1.75,1600,8276,53,Garage,44.988911,-93.079674
Minneapolis,55419,625000,3,2.25,2700,11325,83,Garage,44.912247,-93.273285
Minneapolis,55430,134900,4,1.5,1685,6534,64,Garage,45.045876,-93.289268
Minneapolis,55410,849500,4,3.25,3752,5227,0,Garage,44.911495,-93.321747
St. Paul,55107,239900,5,2.5,2016,9147,114,Garage,44.922783,-93.064224
Minneapolis,55417,339900,3,1.5,2124,5662,61,Garage,44.911064,-93.247719
Minneapolis,55430,99999,4,1,1128,5662,64,Garage,45.04726,-93.297546
Minneapolis,55410,350000,3,1,1550,5227,34,Garage,44.910725,-93.312851
St. Paul,55102,749900,6,4.25,4869,9147,119,Garage,44.939743,-93.121346
Minneapolis,55417,299000,3,2,1697,5227,94,Garage,44.910679,-93.218674
Minneapolis,55410,599000,4,3.5,2938,5227,1,Garage,44.910179,-93.318481
St. Paul,55107,95000,2,1.75,2204,4791,32,Garage,44.922783,-93.063995
Minneapolis,55410,305000,3,2,1607,5662,114,Garage,44.909924,-93.322289
Minneapolis,55430,124900,3,1,1216,6969,63,Garage,45.048492,-93.293694
Minneapolis,55417,157000,2,1.75,1737,6534,89,Garage,44.909714,-93.208443
Minneapolis,55430,79500,4,1,1180,,77,Garage,45.048405,-93.294434
Minneapolis,55430,129550,3,1,1200,5227,97,Garage,45.048588,-93.302063
Minneapolis,55430,140000,3,1.75,1738,4791,52,Garage,45.048695,-93.302063
Minneapolis,55410,699000,3,2,2376,5140,90,Garage,44.909145,-93.31411
Minneapolis,55408,225000,3,2,2214,3049,99,Garage,44.937511,-93.286377
Minneapolis,55430,53900,1,1,700,4356,90,Garage,45.049194,-93.291145
Minneapolis,55417,228500,2,1,1095,5227,97,Garage,44.909218,-93.228783
St. Paul,55117,194900,5,1.5,1851,6098,50,Garage,44.984333,-93.121872
Minneapolis,55430,225000,3,1.75,1758,10454,0,Garage,45.049759,-93.308968
Minneapolis,55430,225000,3,1.75,1758,7405,0,Garage,45.049561,-93.308426
Minneapolis,55430,139900,2,2,1100,5227,91,Garage,45.050011,-93.286018
Minneapolis,55430,119900,3,1.5,1121,5227,93,Garage,45.050232,-93.287308
Minneapolis,55417,339900,3,2.5,2079,5662,65,Garage,44.907856,-93.255363
Minneapolis,55430,138500,5,1.75,1774,4791,69,Garage,45.050339,-93.296272
Minneapolis,55417,219900,3,1,1052,5227,63,Garage,44.907578,-93.261002
Minneapolis,55419,955000,5,4.5,4720,6534,87,Garage,44.907047,-93.296829
St. Paul,55130,99900,2,1,754,9583,90,Garage,44.972248,-93.078194
St. Paul,55102,520000,4,2.25,2352,5662,126,Garage,44.947147,-93.12252
St. Paul,55107,149900,3,1.25,1288,5227,107,Garage,44.930004,-93.101593
St. Paul,55106,145000,3,1,1279,4791,100,Garage,44.957283,-93.06057
Minneapolis,55410,260000,3,1,1176,4791,89,Garage,44.906943,-93.325364
Minneapolis,55419,479900,3,1.5,2191,5924,78,Garage,44.906761,-93.298103
Minneapolis,55417,324900,4,1.5,2114,4791,66,Garage,44.906776,-93.257942
Minneapolis,55417,159900,1,1,599,5227,91,Garage,44.906944,-93.216858
Minneapolis,55417,234900,3,1,1540,4791,75,Garage,44.906696,-93.254646
Minneapolis,55419,499900,3,1.5,2552,6534,87,Garage,44.90604,-93.272537
Minneapolis,55419,319900,2,2.25,1930,5227,93,Garage,44.906025,-93.302643
Minneapolis,55419,624900,5,2.75,2697,4791,85,Garage,44.905899,-93.295013
Minneapolis,55417,179990,3,1,1031,5227,90,Garage,44.906124,-93.214874
Minneapolis,55410,799990,4,3.25,3398,5227,1,Garage,44.905968,-93.32299
Minneapolis,55417,225000,3,1,1154,5227,74,Garage,44.905762,-93.257957
Minneapolis,55410,699900,4,3.5,3200,5227,8,Garage,44.905846,-93.322266
Minneapolis,55417,129900,2,1.75,954,5227,90,Garage,44.905834,-93.20977
Minneapolis,55419,309999,3,1.75,1725,5662,86,Garage,44.905426,-93.307716
St. Paul,55102,599900,4,3,3552,5662,134,Garage,44.947147,-93.12291
Minneapolis,55419,299900,4,2,2208,6534,66,Garage,44.904976,-93.305176
Minneapolis,55419,389900,4,1.75,2320,7405,96,Garage,44.905033,-93.273834
Minneapolis,55417,129900,3,1.75,1574,5227,64,Garage,44.905251,-93.208496
Minneapolis,55417,134800,1,1,675,5227,92,Garage,44.905144,-93.209778
Minneapolis,55417,154900,3,1.75,1300,,59,Garage,44.904865,-93.230667
Minneapolis,55410,224900,3,1,1140,5662,67,Garage,44.904659,-93.317909
Minneapolis,55417,117900,2,1,739,6098,91,Garage,44.904865,-93.226814
Minneapolis,55417,124900,1,1,548,6098,90,Garage,44.904633,-93.22393
Minneapolis,55417,209900,4,2,2852,5227,70,Garage,44.904453,-93.227585
Minneapolis,55417,239900,4,2,2164,4791,68,Garage,44.904282,-93.235779
Minneapolis,55417,184900,3,1.75,1596,5227,68,Garage,44.904213,-93.230118
Minneapolis,55417,137000,1,1,690,6534,92,Garage,44.903931,-93.224747
Minneapolis,55419,254900,4,2,1627,6098,88,Garage,44.903584,-93.286102
St. Paul,55104,529900,6,3.25,3990,9147,102,Garage,44.94313,-93.147102
Minneapolis,55417,309900,5,2.75,2686,6534,64,Garage,44.903286,-93.254707
Minneapolis,55417,224990,3,1.75,1340,4791,89,Garage,44.903336,-93.214897
Minneapolis,55419,419900,4,2.25,2925,5227,14,Garage,,
Minneapolis,55417,324900,3,2,1694,7405,74,Garage,44.902409,-93.26564
Minneapolis,55410,284700,3,1.75,1702,5227,61,Garage,44.902626,-93.318451
Minneapolis,55419,169990,3,1.5,1080,6098,90,Garage,44.902321,-93.27834
St. Paul,55103,32900,2,1,896,,125,Garage,44.962322,-93.123474
Minneapolis,55417,189900,3,2,1510,6534,86,Garage,44.902466,-93.22477
St. Paul,55103,110000,3,1.75,1376,4791,105,Garage,44.957836,-93.118492
St. Paul,55106,133900,3,1.75,1129,10018,67,Garage,44.958103,-93.024773
Minneapolis,55417,169900,2,1,696,5227,66,Garage,44.901936,-93.233971
Minneapolis,55419,399900,4,3.25,2722,7840,19,Garage,44.90176,-93.282204
Minneapolis,55417,234900,3,1.75,2150,6969,64,Garage,44.901615,-93.221291
Minneapolis,55419,187000,4,2.5,1555,5227,74,Garage,44.901302,-93.275887
Minneapolis,55419,219900,5,1.75,1670,6534,90,Garage,44.901127,-93.273926
Minneapolis,55417,185900,3,1,1214,5227,91,Garage,44.901169,-93.220741
Minneapolis,55419,249900,3,1.75,1314,5227,64,Garage,44.900955,-93.305756
Minneapolis,55417,289900,3,1.5,1440,6098,77,Garage,44.900627,-93.258095
Minneapolis,55419,273500,3,1.75,1587,5227,64,Garage,44.900703,-93.298828
St. Paul,55106,56750,2,1,1397,3920,57,Garage,44.95829,-93.063179
Minneapolis,55417,169900,3,1.75,1373,5227,62,Garage,44.900459,-93.232719
Minneapolis,55419,219000,3,1.5,1828,5227,102,Garage,44.900242,-93.278442
Minneapolis,55417,199900,3,1,1496,5227,69,Garage,44.900436,-93.235817
Minneapolis,55410,750000,4,3.5,3531,5227,1,Garage,44.900166,-93.31411
Minneapolis,55417,164900,3,1,1080,5227,63,Garage,44.900349,-93.233269
St. Paul,55117,129895,2,1,1500,6534,110,Garage,44.971306,-93.124222
St. Paul,55102,255000,5,1.75,2120,7405,39,Garage,44.934383,-93.123451
St. Paul,55117,144900,3,1.5,1447,8276,56,Garage,44.977619,-93.124283
Minneapolis,55417,174900,3,1,1674,6098,63,Garage,44.899689,-93.219482
Minneapolis,55419,339900,3,2.5,2007,6534,67,Garage,44.899353,-93.286102
Minneapolis,55417,199900,4,1,1212,8712,87,Garage,44.899612,-93.214935
Minneapolis,55417,189900,3,1.75,1374,6534,64,Garage,44.899403,-93.221321
Minneapolis,55417,209900,3,1.5,1586,5227,66,Garage,44.899235,-93.239609
Minneapolis,55419,174900,2,1.75,1623,10454,67,Garage,44.898731,-93.308296
Minneapolis,55417,184900,3,1.75,1572,5662,62,Garage,44.898609,-93.254288
Minneapolis,55419,289900,3,1.75,1820,5227,65,Garage,44.898819,-93.305763
Minneapolis,55419,274900,3,2.75,1835,5662,76,Garage,44.898384,-93.279007
St. Paul,55116,329900,3,2.5,1767,5227,86,Garage,44.924118,-93.164825
St. Paul,55103,145000,4,2,1680,4791,115,Garage,44.959091,-93.124641
Minneapolis,55419,575000,3,2.25,3173,6534,0,Garage,44.897625,-93.304382
Minneapolis,55417,184900,3,1.75,1536,6098,33,Garage,44.897511,-93.245972
St. Paul,55106,139900,4,1.75,1246,4791,114,Garage,44.958916,-93.063843
Minneapolis,55417,329900,3,2,2216,6534,73,Garage,44.897366,-93.263748
Minneapolis,55419,243000,3,1,1726,6534,68,Garage,44.897007,-93.291229
Minneapolis,55419,274900,4,2,1862,5227,57,Garage,44.897064,-93.295586
Minneapolis,55417,239999,4,1.5,1822,6098,63,Garage,44.896538,-93.258232
Minneapolis,55417,289900,3,1.5,2512,6098,72,Garage,44.8964,-93.259964
St. Paul,55102,2225000,6,4.25,7314,,125,Garage,44.941109,-93.101524
Minneapolis,55410,289900,3,1.5,1769,,63,Garage,44.896034,-93.315384
Minneapolis,55410,214900,2,1,1115,6969,67,Garage,44.896061,-93.310852
Minneapolis,55410,230000,3,1,1239,5227,63,Garage,44.896042,-93.315926
Minneapolis,55419,525000,4,2.5,2184,6098,1,Garage,44.895779,-93.295029
Minneapolis,55419,354500,3,1.5,1968,6098,56,Garage,44.89629,-93.297981
Minneapolis,55419,509900,3,2.5,2032,6098,1,Garage,44.895817,-93.294852
Minneapolis,55419,525000,4,2.5,2184,6098,1,Garage,44.895611,-93.295036
Minneapolis,55419,201500,2,1,745,6534,65,Garage,44.896362,-93.308296
Minneapolis,55417,199900,3,1,1284,5227,68,Garage,44.895279,-93.258263
Minneapolis,55417,315900,3,1.75,2368,6098,64,Garage,44.894997,-93.258774
Minneapolis,55417,312000,3,1.5,1864,,65,Garage,44.894871,-93.259476
Minneapolis,55410,334900,3,2.5,2098,5227,42,Garage,44.895176,-93.3172
Minneapolis,55419,239900,4,2,1514,6098,65,Garage,44.895485,-93.30648
Minneapolis,55419,499000,5,3.25,2501,5227,1,Garage,44.894928,-93.295593
St. Paul,55106,120990,3,1.5,1296,5227,94,Garage,44.959137,-93.055542
Minneapolis,55417,189200,3,1.5,1117,6098,72,Garage,44.894592,-93.259483
Minneapolis,55410,199000,4,1.5,1610,5227,67,Garage,44.894932,-93.314667
Minneapolis,55419,279900,3,1.5,2326,7405,59,Garage,44.894745,-93.296326
St. Paul,55117,179900,3,2,1970,7405,64,Garage,44.979446,-93.125275
St. Paul,55103,65000,1,0.75,650,4791,130,No Garage,44.961803,-93.125504
St. Paul,55117,99900,3,1,1385,4791,76,Garage,44.976234,-93.102592
Minneapolis,55417,199900,3,1.5,1755,5662,57,Garage,44.893932,-93.263748
Minneapolis,55419,569900,5,3.25,3892,6534,57,Garage,44.893921,-93.295593
Minneapolis,55410,249900,3,1,1879,5662,59,Garage,44.89381,-93.312828
Minneapolis,55417,159900,3,1.75,1260,6098,64,Garage,44.893387,-93.26445
Minneapolis,55410,334900,4,2,2496,5662,56,Garage,44.893566,-93.311562
Minneapolis,55417,274999,4,2,1705,,64,Garage,44.892963,-93.265678
Minneapolis,55410,245000,3,1.75,1657,5662,61,Garage,44.89307,-93.311562
Minneapolis,55417,256900,4,1.5,2096,6534,63,Garage,44.892673,-93.258331
Minneapolis,55417,219900,3,1.75,1740,6534,58,Garage,44.892673,-93.256302
Minneapolis,55419,219900,4,1.5,2109,6098,61,Garage,44.892601,-93.27652
St. Paul,55130,57500,4,1.75,2620,4791,124,Garage,44.970505,-93.074814
St. Paul,55117,95000,1,1.25,952,8624,134,Garage,44.976746,-93.098488
Minneapolis,55417,224900,3,1.75,1935,6534,63,Garage,44.892193,-93.25885
Minneapolis,55417,255000,3,1.75,1923,6926,60,Garage,44.8922,-93.257568
Minneapolis,55410,299900,3,1.75,1681,6534,63,Garage,44.89217,-93.317917
Minneapolis,55419,184500,2,1.75,1504,6098,62,Garage,44.891888,-93.309029
Minneapolis,55410,190000,3,1.75,1348,5662,64,Garage,44.891918,-93.315369
Minneapolis,55410,219900,3,1,1382,6534,63,Garage,44.891899,-93.318466
Minneapolis,55408,199900,3,1.5,1553,2178,110,No Garage,44.944901,-93.28756
Minneapolis,55419,169900,3,1,1112,5227,73,Garage,44.891472,-93.272598
Minneapolis,55419,239000,3,1.75,2376,8712,58,Garage,44.891399,-93.306564
St. Paul,55107,209900,3,1.25,1127,5227,107,Garage,44.927197,-93.104362
St. Paul,55104,450000,8,4,4216,7405,102,Garage,44.954185,-93.12661
St. Paul,55103,39900,3,1,1104,6098,128,Garage,44.960064,-93.115746
St. Paul,55117,199900,5,2,1750,13068,114,Garage,44.981232,-93.126701
St. Paul,55107,169900,4,1.5,1544,7405,114,Garage,44.926994,-93.087036
St. Paul,55104,145000,1,1,933,1001,10,No Garage,44.947727,-93.126877
St. Paul,55104,79900,2,1,1050,4791,94,Garage,44.962322,-93.12706
St. Paul,55102,142900,3,2,1426,6534,114,No Garage,44.921986,-93.134071
St. Paul,55104,109000,2,2,982,6969,128,Garage,44.959606,-93.127251
St. Paul,55106,90000,3,1,3580,4791,126,Garage,44.969616,-93.072922
St. Paul,55106,144900,3,1,1215,12196,65,Garage,44.961109,-93.051903
St. Paul,55106,90000,3,1.75,1596,3484,92,Garage,44.979912,-93.072876
St. Paul,55106,87500,4,2.5,2136,4791,130,Garage,44.953403,-93.070129
St. Paul,55104,132000,5,2.75,1600,4791,114,Garage,44.959087,-93.12812
St. Paul,55106,164900,3,1.5,1440,6098,49,Garage,44.983906,-93.072571
St. Paul,55116,379850,2,1.75,1676,9147,61,Garage,44.921108,-93.148247
St. Paul,55107,104900,3,1,1092,,102,No Garage,44.92588,-93.102989
St. Paul,55103,99100,3,1.75,1798,5662,114,Garage,44.961693,-93.115746
St. Paul,55106,129900,3,1.5,1865,7840,67,Garage,44.989925,-93.072258
St. Paul,55116,599000,4,2.25,3233,12632,58,Garage,44.921082,-93.197403
St. Paul,55102,119900,3,1,1080,10890,127,Garage,44.920921,-93.134796
St. Paul,55102,154900,2,1,1575,4791,114,Garage,44.930904,-93.128586
St. Paul,55116,414900,3,2.5,3155,5662,16,Garage,44.920837,-93.147072
St. Paul,55117,204900,3,1,1705,4791,65,Garage,44.991138,-93.12883
St. Paul,55106,230000,4,1.75,1985,10890,97,Garage,44.981331,-93.071526
Minneapolis,55421,174900,3,2,2084,5227,89,Garage,45.035309,-93.252892
St. Paul,55106,153900,3,1.75,1468,7405,32,Garage,44.991302,-93.071404
St. Paul,55106,144900,3,1,1424,3920,74,Garage,44.983124,-93.071266
St. Paul,55107,97900,3,2.25,1512,3049,29,Garage,44.925018,-93.101532
St. Paul,55106,74900,4,1.75,1880,4791,108,Garage,44.976826,-93.070808
St. Paul,55104,129900,3,0.75,1180,4791,114,Garage,44.96233,-93.12989
Minneapolis,55421,119900,4,1.5,1304,5227,75,Garage,45.035301,-93.252388
St. Paul,55104,114900,3,1,1408,4791,91,Garage,44.957798,-93.13002
St. Paul,55117,145000,4,1.75,2072,6098,74,Garage,44.975842,-93.097778
St. Paul,55106,169900,4,1.5,2100,4791,110,Garage,44.975933,-93.070496
St. Paul,55104,69900,2,1,1216,4791,121,No Garage,44.959087,-93.130188
St. Paul,55106,69900,2,1.5,1107,3484,114,No Garage,44.962814,-93.068848
St. Paul,55117,115000,3,1.75,1358,4791,76,Garage,44.976238,-93.103058
St. Paul,55106,134900,3,1,1018,4791,120,Garage,44.975937,-93.069878
St. Paul,55104,120000,3,1.5,1500,2613,114,Garage,44.956894,-93.130836
St. Paul,55106,112900,3,1,1190,4791,68,Garage,44.971828,-93.069901
St. Paul,55104,990000,4,4,5214,13068,88,Garage,44.943401,-93.196991
St. Paul,55117,174900,3,1,1479,4791,63,Garage,44.991158,-93.130844
St. Paul,55104,249000,3,2.25,2870,,95,Garage,44.959999,-93.131256
St. Paul,55106,149900,4,2,1397,4791,82,Garage,44.976326,-93.069183
St. Paul,55106,99900,2,1,1096,7405,66,Garage,44.982658,-93.069145
St. Paul,55106,164900,2,0.75,1229,5227,76,Garage,44.983166,-93.069061
St. Paul,55105,774900,6,3,3420,8712,105,Garage,44.934418,-93.131767
St. Paul,55107,165000,6,2,1476,5227,59,Garage,44.923462,-93.077225
St. Paul,55106,89900,2,1.5,1099,17859,98,Garage,44.989891,-93.068886
St. Paul,55102,175000,3,1.5,1417,5227,114,Garage,44.922981,-93.131866
St. Paul,55104,359900,4,1.25,2252,4791,106,Garage,44.944298,-93.132164
St. Paul,55102,159900,2,1,1405,4791,134,Garage,44.923489,-93.131859
St. Paul,55117,139900,3,2,1920,5227,56,Garage,44.987995,-93.102989
St. Paul,55102,219900,3,1.75,1612,,99,Garage,44.927494,-93.131966
St. Paul,55104,79900,3,1.25,1248,4791,99,Garage,44.959091,-93.132553
St. Paul,55104,75000,2,1,1584,4007,110,Garage,44.955055,-93.132545
St. Paul,55103,154900,3,1.75,1785,4791,86,Garage,44.97287,-93.131866
St. Paul,55104,145000,4,2,1904,4791,120,Garage,44.962337,-93.132721
St. Paul,55102,299900,5,2.5,2460,11761,114,Garage,44.93095,-93.132332
St. Paul,55104,179900,4,1.75,1127,5227,107,Garage,44.964489,-93.169983
St. Paul,55106,34900,3,1,1236,4791,130,Garage,44.974148,-93.067947
West St. Paul,55118,179000,3,2.5,2000,9583,62,Garage,44.919491,-93.081734
St. Paul,55106,148000,4,1.75,1494,,41,Garage,44.979965,-93.067429
St. Paul,55104,109000,2,1,963,4791,89,Garage,44.96143,-93.133186
St. Paul,55104,349000,3,2.25,1800,4791,0,Garage,44.948799,-93.1334
St. Paul,55106,108400,4,1.75,1690,4791,35,Garage,44.970058,-93.067276
St. Paul,55105,675000,7,3.5,4806,12632,104,Garage,44.940872,-93.133476
St. Paul,55106,139900,4,2.5,1496,4791,131,Garage,44.973244,-93.066948
St. Paul,55107,171900,3,1,1282,4356,101,Garage,44.922104,-93.101494
Minneapolis,55416,2995000,4,3.5,5819,19602,12,Garage,44.956566,-93.318939
St. Paul,55102,209900,3,1,1448,6098,91,Garage,44.927132,-93.134109
Minneapolis,55418,245999,4,3,1900,3920,114,Garage,45.016567,-93.249344
St. Paul,55104,155900,4,1.75,1408,4791,102,Garage,44.954578,-93.135353
St. Paul,55104,40000,3,1,1645,4791,129,No Garage,44.957802,-93.135391
St. Paul,55104,124100,3,2.25,2074,8712,57,Garage,44.963249,-93.135567
St. Paul,55130,61900,3,2,1365,4791,110,Garage,44.966434,-93.079552
St. Paul,55104,134900,3,1,1773,4791,103,No Garage,44.955402,-93.135529
St. Paul,55104,100000,5,1.75,1758,4791,99,Garage,44.959621,-93.135544
St. Paul,55117,129900,3,1,1188,3920,128,Garage,44.966736,-93.109406
St. Paul,55104,148900,2,1,1427,4791,104,Garage,44.960915,-93.135712
St. Paul,55104,165000,2,1,1047,7405,99,Garage,44.948799,-93.135834
St. Paul,55106,135900,3,1.75,1820,4791,88,Garage,44.969673,-93.064873
St. Paul,55106,139900,4,2,1796,4791,106,Garage,44.961891,-93.064796
St. Paul,55117,121900,4,2,2126,6098,23,Garage,44.965031,-93.103577
St. Paul,55117,44900,2,1,826,7405,126,Garage,44.966831,-93.095963
St. Paul,55106,49900,2,1,1241,4791,101,No Garage,44.970581,-93.06424
St. Paul,55106,359000,3,3.25,2983,9583,16,Garage,44.945175,-93.031662
St. Paul,55106,56900,4,2,1543,4791,106,Garage,44.961895,-93.064339
St. Paul,55117,59900,3,1.5,1284,4356,105,Garage,44.967148,-93.115799
St. Paul,55104,154900,3,2,1400,4356,125,Garage,44.952415,-93.136681
St. Paul,55106,47000,3,1,1000,4791,130,Garage,44.95649,-93.064133
St. Paul,55106,74900,4,1.75,2269,4791,105,No Garage,44.95739,-93.06414
St. Paul,55102,74900,3,1.75,1400,5227,99,Garage,44.928417,-93.136932
St. Paul,55104,139900,3,1,1189,4791,103,Garage,44.959095,-93.136917
St. Paul,55107,179900,3,1.75,1300,5227,108,Garage,44.919937,-93.100945
St. Paul,55117,105000,2,1,914,6098,134,Garage,44.9674,-93.11068
St. Paul,55116,226900,3,1.5,1381,6098,66,Garage,44.914936,-93.185532
St. Paul,55101,99900,3,1,1267,6534,130,Garage,44.96751,-93.081573
St. Paul,55106,85000,3,2.25,2207,4791,102,Garage,44.961506,-93.063721
St. Paul,55104,499900,4,2.5,3052,6098,123,Garage,44.944691,-93.137184
St. Paul,55106,132990,3,1.75,1562,4356,114,Garage,44.956978,-93.063278
St. Paul,55104,279900,5,2,2100,6534,103,Garage,44.967865,-93.16909
St. Paul,55117,24900,3,1,1172,,130,Garage,44.968037,-93.103638
St. Paul,55117,349900,3,2.5,2044,6098,9,Garage,44.988087,-93.135689
St. Paul,55106,104500,4,2.25,1378,4791,64,Garage,44.976887,-93.06308
St. Paul,55117,279900,2,1,1271,10890,94,Garage,44.982567,-93.137825
St. Paul,55105,339900,4,1.75,2534,6969,102,Garage,44.938725,-93.187782
St. Paul,55119,125900,3,1,1351,8276,89,Garage,44.96833,-93.015533
St. Paul,55106,168800,3,1,2036,,73,Garage,44.97908,-93.062653
St. Paul,55104,215000,2,1,1200,6098,103,Garage,44.943634,-93.138107
St. Paul,55102,795000,5,3.25,4305,6969,120,No Garage,44.936386,-93.126938
St. Paul,55116,240000,4,1.75,1564,4791,65,Garage,44.913914,-93.185417
St. Paul,55105,374900,4,2.5,2046,4791,103,Garage,44.935455,-93.138138
St. Paul,55104,100000,2,1,938,7840,114,Garage,44.968307,-93.170013
St. Paul,55104,149900,2,1,784,9888,60,Garage,44.944359,-93.154572
St. Paul,55104,279900,4,2.25,2700,,112,Garage,44.94603,-93.138695
St. Paul,55106,69000,3,1,961,3484,134,No Garage,44.961514,-93.062027
St. Paul,55119,134900,3,1,1218,6534,75,Garage,44.969048,-93.018509
St. Paul,55117,93900,3,1,1292,5227,74,Garage,44.978943,-93.104073
St. Paul,55117,189900,3,0.75,1464,6098,64,Garage,44.989857,-93.139168
St. Paul,55106,169900,3,2,1398,6098,74,Garage,44.979076,-93.061493
St. Paul,55104,289900,5,1.5,2750,6969,107,Garage,44.948837,-93.139473
St. Paul,55105,919900,6,4.25,4912,15681,107,Garage,44.938606,-93.139648
St. Paul,55106,98000,3,1.75,1005,3920,104,Garage,44.969769,-93.058136
St. Paul,55107,195000,4,2,1624,5662,110,Garage,44.931999,-93.089371
St. Paul,55119,209900,3,2.25,2296,8712,36,Garage,44.913395,-93.006508
St. Paul,55106,117900,3,1,1403,5227,93,Garage,44.960999,-93.060463
St. Paul,55117,284900,3,2.5,1932,5662,64,Garage,44.985348,-93.140388
St. Paul,55106,139900,4,1.25,396,,97,Garage,44.971874,-93.060081
St. Paul,55117,299900,3,2.25,2014,6534,65,Garage,44.987152,-93.140991
St. Paul,55106,165000,4,1.75,1349,,74,Garage,44.957909,-93.059486
St. Paul,55130,149990,3,2,1220,4791,0,Garage,44.970657,-93.079002
St. Paul,55103,124900,3,1,1200,4791,101,Garage,44.970715,-93.133118
St. Paul,55104,193000,4,1.75,1460,4356,93,Garage,44.953686,-93.14193
St. Paul,55106,134999,3,1.75,1650,9539,124,Garage,44.963734,-93.059174
St. Paul,55102,84900,2,1,732,4356,90,Garage,44.92717,-93.142082
St. Paul,55106,109000,4,1.75,1650,5227,116,Garage,44.956505,-93.058861
St. Paul,55103,89900,3,2,1180,4791,100,Garage,44.971088,-93.135155
St. Paul,55102,62500,1,1,760,7405,114,Garage,44.92844,-93.142342
Shoreview,55126,483900,4,2.5,2500,13068,0,Garage,44.944369,-93.141736